"4395A REV1.12"
"DATE: Apr 14 2013"



"CHANNEL: 1"
"MEASURE TYPE: A/B"
"FORMAT TYPE: LOG MAG"
"NUMBER of POINTS: 801"
"SWEEP TIME:  1.882 s"
"SWEEP TYPE: LIN FREQ"
"SOURCE POWER:  15 dBm"
"IF BANDWIDTH:  3 kHz"

"Frequency"	"Data Trace Real"	"Data Trace Imag"
1.000000000000E+07	-6.537125E+01	0.000000E+00
1.003750000000E+07	-6.575249E+01	0.000000E+00
1.007500000000E+07	-6.566349E+01	0.000000E+00
1.011250000000E+07	-6.569903E+01	0.000000E+00
1.015000000000E+07	-6.558013E+01	0.000000E+00
1.018750000000E+07	-6.524455E+01	0.000000E+00
1.022500000000E+07	-6.539244E+01	0.000000E+00
1.026250000000E+07	-6.557866E+01	0.000000E+00
1.030000000000E+07	-6.547202E+01	0.000000E+00
1.033750000000E+07	-6.546408E+01	0.000000E+00
1.037500000000E+07	-6.581933E+01	0.000000E+00
1.041250000000E+07	-6.594109E+01	0.000000E+00
1.045000000000E+07	-6.605079E+01	0.000000E+00
1.048750000000E+07	-6.631934E+01	0.000000E+00
1.052500000000E+07	-6.642640E+01	0.000000E+00
1.056250000000E+07	-6.653445E+01	0.000000E+00
1.060000000000E+07	-6.692461E+01	0.000000E+00
1.063750000000E+07	-6.716760E+01	0.000000E+00
1.067500000000E+07	-6.725920E+01	0.000000E+00
1.071250000000E+07	-6.734110E+01	0.000000E+00
1.075000000000E+07	-6.794688E+01	0.000000E+00
1.078750000000E+07	-6.825627E+01	0.000000E+00
1.082500000000E+07	-6.838937E+01	0.000000E+00
1.086250000000E+07	-6.851138E+01	0.000000E+00
1.090000000000E+07	-6.893924E+01	0.000000E+00
1.093750000000E+07	-6.915398E+01	0.000000E+00
1.097500000000E+07	-6.935864E+01	0.000000E+00
1.101250000000E+07	-6.980773E+01	0.000000E+00
1.105000000000E+07	-7.035851E+01	0.000000E+00
1.108750000000E+07	-7.015340E+01	0.000000E+00
1.112500000000E+07	-7.037864E+01	0.000000E+00
1.116250000000E+07	-7.125931E+01	0.000000E+00
1.120000000000E+07	-7.106066E+01	0.000000E+00
1.123750000000E+07	-7.164424E+01	0.000000E+00
1.127500000000E+07	-7.186031E+01	0.000000E+00
1.131250000000E+07	-7.208875E+01	0.000000E+00
1.135000000000E+07	-7.192058E+01	0.000000E+00
1.138750000000E+07	-7.150523E+01	0.000000E+00
1.142500000000E+07	-7.208560E+01	0.000000E+00
1.146250000000E+07	-7.205727E+01	0.000000E+00
1.150000000000E+07	-7.119569E+01	0.000000E+00
1.153750000000E+07	-7.153819E+01	0.000000E+00
1.157500000000E+07	-7.151519E+01	0.000000E+00
1.161250000000E+07	-7.090279E+01	0.000000E+00
1.165000000000E+07	-6.996485E+01	0.000000E+00
1.168750000000E+07	-7.072364E+01	0.000000E+00
1.172500000000E+07	-7.024932E+01	0.000000E+00
1.176250000000E+07	-6.921873E+01	0.000000E+00
1.180000000000E+07	-6.982123E+01	0.000000E+00
1.183750000000E+07	-6.963119E+01	0.000000E+00
1.187500000000E+07	-6.897674E+01	0.000000E+00
1.191250000000E+07	-6.894349E+01	0.000000E+00
1.195000000000E+07	-6.875668E+01	0.000000E+00
1.198750000000E+07	-6.863158E+01	0.000000E+00
1.202500000000E+07	-6.835689E+01	0.000000E+00
1.206250000000E+07	-6.825458E+01	0.000000E+00
1.210000000000E+07	-6.802678E+01	0.000000E+00
1.213750000000E+07	-6.762642E+01	0.000000E+00
1.217500000000E+07	-6.740549E+01	0.000000E+00
1.221250000000E+07	-6.730772E+01	0.000000E+00
1.225000000000E+07	-6.706155E+01	0.000000E+00
1.228750000000E+07	-6.682392E+01	0.000000E+00
1.232500000000E+07	-6.641431E+01	0.000000E+00
1.236250000000E+07	-6.623096E+01	0.000000E+00
1.240000000000E+07	-6.615003E+01	0.000000E+00
1.243750000000E+07	-6.588004E+01	0.000000E+00
1.247500000000E+07	-6.580623E+01	0.000000E+00
1.251250000000E+07	-6.557391E+01	0.000000E+00
1.255000000000E+07	-6.556535E+01	0.000000E+00
1.258750000000E+07	-6.541070E+01	0.000000E+00
1.262500000000E+07	-6.540452E+01	0.000000E+00
1.266250000000E+07	-6.531197E+01	0.000000E+00
1.270000000000E+07	-6.527169E+01	0.000000E+00
1.273750000000E+07	-6.535952E+01	0.000000E+00
1.277500000000E+07	-6.517537E+01	0.000000E+00
1.281250000000E+07	-6.513873E+01	0.000000E+00
1.285000000000E+07	-6.515685E+01	0.000000E+00
1.288750000000E+07	-6.497993E+01	0.000000E+00
1.292500000000E+07	-6.488610E+01	0.000000E+00
1.296250000000E+07	-6.513155E+01	0.000000E+00
1.300000000000E+07	-6.495407E+01	0.000000E+00
1.303750000000E+07	-6.490836E+01	0.000000E+00
1.307500000000E+07	-6.516650E+01	0.000000E+00
1.311250000000E+07	-6.511815E+01	0.000000E+00
1.315000000000E+07	-6.503773E+01	0.000000E+00
1.318750000000E+07	-6.496867E+01	0.000000E+00
1.322500000000E+07	-6.514083E+01	0.000000E+00
1.326250000000E+07	-6.521709E+01	0.000000E+00
1.330000000000E+07	-6.510030E+01	0.000000E+00
1.333750000000E+07	-6.551192E+01	0.000000E+00
1.337500000000E+07	-6.559629E+01	0.000000E+00
1.341250000000E+07	-6.530877E+01	0.000000E+00
1.345000000000E+07	-6.556608E+01	0.000000E+00
1.348750000000E+07	-6.589239E+01	0.000000E+00
1.352500000000E+07	-6.614142E+01	0.000000E+00
1.356250000000E+07	-6.608361E+01	0.000000E+00
1.360000000000E+07	-6.645325E+01	0.000000E+00
1.363750000000E+07	-6.648566E+01	0.000000E+00
1.367500000000E+07	-6.637518E+01	0.000000E+00
1.371250000000E+07	-6.662478E+01	0.000000E+00
1.375000000000E+07	-6.715971E+01	0.000000E+00
1.378750000000E+07	-6.727643E+01	0.000000E+00
1.382500000000E+07	-6.699963E+01	0.000000E+00
1.386250000000E+07	-6.732657E+01	0.000000E+00
1.390000000000E+07	-6.753753E+01	0.000000E+00
1.393750000000E+07	-6.769398E+01	0.000000E+00
1.397500000000E+07	-6.790923E+01	0.000000E+00
1.401250000000E+07	-6.828877E+01	0.000000E+00
1.405000000000E+07	-6.898518E+01	0.000000E+00
1.408750000000E+07	-6.875041E+01	0.000000E+00
1.412500000000E+07	-6.917873E+01	0.000000E+00
1.416250000000E+07	-6.962276E+01	0.000000E+00
1.420000000000E+07	-6.950961E+01	0.000000E+00
1.423750000000E+07	-6.967622E+01	0.000000E+00
1.427500000000E+07	-6.987354E+01	0.000000E+00
1.431250000000E+07	-7.021201E+01	0.000000E+00
1.435000000000E+07	-6.980391E+01	0.000000E+00
1.438750000000E+07	-6.944189E+01	0.000000E+00
1.442500000000E+07	-6.947604E+01	0.000000E+00
1.446250000000E+07	-6.907709E+01	0.000000E+00
1.450000000000E+07	-6.881961E+01	0.000000E+00
1.453750000000E+07	-6.846999E+01	0.000000E+00
1.457500000000E+07	-6.817113E+01	0.000000E+00
1.461250000000E+07	-6.780557E+01	0.000000E+00
1.465000000000E+07	-6.759851E+01	0.000000E+00
1.468750000000E+07	-6.716087E+01	0.000000E+00
1.472500000000E+07	-6.715560E+01	0.000000E+00
1.476250000000E+07	-6.653011E+01	0.000000E+00
1.480000000000E+07	-6.667079E+01	0.000000E+00
1.483750000000E+07	-6.659483E+01	0.000000E+00
1.487500000000E+07	-6.593695E+01	0.000000E+00
1.491250000000E+07	-6.609052E+01	0.000000E+00
1.495000000000E+07	-6.607021E+01	0.000000E+00
1.498750000000E+07	-6.596671E+01	0.000000E+00
1.502500000000E+07	-6.576693E+01	0.000000E+00
1.506250000000E+07	-6.593337E+01	0.000000E+00
1.510000000000E+07	-6.588584E+01	0.000000E+00
1.513750000000E+07	-6.555515E+01	0.000000E+00
1.517500000000E+07	-6.551753E+01	0.000000E+00
1.521250000000E+07	-6.555978E+01	0.000000E+00
1.525000000000E+07	-6.567846E+01	0.000000E+00
1.528750000000E+07	-6.550899E+01	0.000000E+00
1.532500000000E+07	-6.556542E+01	0.000000E+00
1.536250000000E+07	-6.554353E+01	0.000000E+00
1.540000000000E+07	-6.557684E+01	0.000000E+00
1.543750000000E+07	-6.533532E+01	0.000000E+00
1.547500000000E+07	-6.569415E+01	0.000000E+00
1.551250000000E+07	-6.557648E+01	0.000000E+00
1.555000000000E+07	-6.561729E+01	0.000000E+00
1.558750000000E+07	-6.556762E+01	0.000000E+00
1.562500000000E+07	-6.564797E+01	0.000000E+00
1.566250000000E+07	-6.553138E+01	0.000000E+00
1.570000000000E+07	-6.532623E+01	0.000000E+00
1.573750000000E+07	-6.563765E+01	0.000000E+00
1.577500000000E+07	-6.579991E+01	0.000000E+00
1.581250000000E+07	-6.526498E+01	0.000000E+00
1.585000000000E+07	-6.528007E+01	0.000000E+00
1.588750000000E+07	-6.547355E+01	0.000000E+00
1.592500000000E+07	-6.560378E+01	0.000000E+00
1.596250000000E+07	-6.528243E+01	0.000000E+00
1.600000000000E+07	-6.542025E+01	0.000000E+00
1.603750000000E+07	-6.561355E+01	0.000000E+00
1.607500000000E+07	-6.533755E+01	0.000000E+00
1.611250000000E+07	-6.529296E+01	0.000000E+00
1.615000000000E+07	-6.537093E+01	0.000000E+00
1.618750000000E+07	-6.531014E+01	0.000000E+00
1.622500000000E+07	-6.529549E+01	0.000000E+00
1.626250000000E+07	-6.533426E+01	0.000000E+00
1.630000000000E+07	-6.543240E+01	0.000000E+00
1.633750000000E+07	-6.520349E+01	0.000000E+00
1.637500000000E+07	-6.519812E+01	0.000000E+00
1.641250000000E+07	-6.535744E+01	0.000000E+00
1.645000000000E+07	-6.525983E+01	0.000000E+00
1.648750000000E+07	-6.522945E+01	0.000000E+00
1.652500000000E+07	-6.522010E+01	0.000000E+00
1.656250000000E+07	-6.500351E+01	0.000000E+00
1.660000000000E+07	-6.501166E+01	0.000000E+00
1.663750000000E+07	-6.498166E+01	0.000000E+00
1.667500000000E+07	-6.490117E+01	0.000000E+00
1.671250000000E+07	-6.491010E+01	0.000000E+00
1.675000000000E+07	-6.495621E+01	0.000000E+00
1.678750000000E+07	-6.476713E+01	0.000000E+00
1.682500000000E+07	-6.456410E+01	0.000000E+00
1.686250000000E+07	-6.458908E+01	0.000000E+00
1.690000000000E+07	-6.467651E+01	0.000000E+00
1.693750000000E+07	-6.466024E+01	0.000000E+00
1.697500000000E+07	-6.432763E+01	0.000000E+00
1.701250000000E+07	-6.433717E+01	0.000000E+00
1.705000000000E+07	-6.434624E+01	0.000000E+00
1.708750000000E+07	-6.434286E+01	0.000000E+00
1.712500000000E+07	-6.417014E+01	0.000000E+00
1.716250000000E+07	-6.416260E+01	0.000000E+00
1.720000000000E+07	-6.428288E+01	0.000000E+00
1.723750000000E+07	-6.435366E+01	0.000000E+00
1.727500000000E+07	-6.418446E+01	0.000000E+00
1.731250000000E+07	-6.404525E+01	0.000000E+00
1.735000000000E+07	-6.428287E+01	0.000000E+00
1.738750000000E+07	-6.429262E+01	0.000000E+00
1.742500000000E+07	-6.410007E+01	0.000000E+00
1.746250000000E+07	-6.422943E+01	0.000000E+00
1.750000000000E+07	-6.443938E+01	0.000000E+00
1.753750000000E+07	-6.403318E+01	0.000000E+00
1.757500000000E+07	-6.438050E+01	0.000000E+00
1.761250000000E+07	-6.446786E+01	0.000000E+00
1.765000000000E+07	-6.445771E+01	0.000000E+00
1.768750000000E+07	-6.431130E+01	0.000000E+00
1.772500000000E+07	-6.460913E+01	0.000000E+00
1.776250000000E+07	-6.512745E+01	0.000000E+00
1.780000000000E+07	-6.446835E+01	0.000000E+00
1.783750000000E+07	-6.466122E+01	0.000000E+00
1.787500000000E+07	-6.514590E+01	0.000000E+00
1.791250000000E+07	-6.555137E+01	0.000000E+00
1.795000000000E+07	-6.474374E+01	0.000000E+00
1.798750000000E+07	-6.521255E+01	0.000000E+00
1.802500000000E+07	-6.558394E+01	0.000000E+00
1.806250000000E+07	-6.502557E+01	0.000000E+00
1.810000000000E+07	-6.535389E+01	0.000000E+00
1.813750000000E+07	-6.564639E+01	0.000000E+00
1.817500000000E+07	-6.606565E+01	0.000000E+00
1.821250000000E+07	-6.551980E+01	0.000000E+00
1.825000000000E+07	-6.578037E+01	0.000000E+00
1.828750000000E+07	-6.622178E+01	0.000000E+00
1.832500000000E+07	-6.571031E+01	0.000000E+00
1.836250000000E+07	-6.578173E+01	0.000000E+00
1.840000000000E+07	-6.575533E+01	0.000000E+00
1.843750000000E+07	-6.622842E+01	0.000000E+00
1.847500000000E+07	-6.546420E+01	0.000000E+00
1.851250000000E+07	-6.562703E+01	0.000000E+00
1.855000000000E+07	-6.597893E+01	0.000000E+00
1.858750000000E+07	-6.570271E+01	0.000000E+00
1.862500000000E+07	-6.572131E+01	0.000000E+00
1.866250000000E+07	-6.591418E+01	0.000000E+00
1.870000000000E+07	-6.605016E+01	0.000000E+00
1.873750000000E+07	-6.576643E+01	0.000000E+00
1.877500000000E+07	-6.573823E+01	0.000000E+00
1.881250000000E+07	-6.590856E+01	0.000000E+00
1.885000000000E+07	-6.590844E+01	0.000000E+00
1.888750000000E+07	-6.532259E+01	0.000000E+00
1.892500000000E+07	-6.573468E+01	0.000000E+00
1.896250000000E+07	-6.593157E+01	0.000000E+00
1.900000000000E+07	-6.527074E+01	0.000000E+00
1.903750000000E+07	-6.536572E+01	0.000000E+00
1.907500000000E+07	-6.568287E+01	0.000000E+00
1.911250000000E+07	-6.544554E+01	0.000000E+00
1.915000000000E+07	-6.503117E+01	0.000000E+00
1.918750000000E+07	-6.543652E+01	0.000000E+00
1.922500000000E+07	-6.525336E+01	0.000000E+00
1.926250000000E+07	-6.461518E+01	0.000000E+00
1.930000000000E+07	-6.481158E+01	0.000000E+00
1.933750000000E+07	-6.516516E+01	0.000000E+00
1.937500000000E+07	-6.527375E+01	0.000000E+00
1.941250000000E+07	-6.456344E+01	0.000000E+00
1.945000000000E+07	-6.497268E+01	0.000000E+00
1.948750000000E+07	-6.495924E+01	0.000000E+00
1.952500000000E+07	-6.422856E+01	0.000000E+00
1.956250000000E+07	-6.429384E+01	0.000000E+00
1.960000000000E+07	-6.512101E+01	0.000000E+00
1.963750000000E+07	-6.572985E+01	0.000000E+00
1.967500000000E+07	-6.423037E+01	0.000000E+00
1.971250000000E+07	-6.477921E+01	0.000000E+00
1.975000000000E+07	-6.495119E+01	0.000000E+00
1.978750000000E+07	-6.435757E+01	0.000000E+00
1.982500000000E+07	-6.429790E+01	0.000000E+00
1.986250000000E+07	-6.515016E+01	0.000000E+00
1.990000000000E+07	-6.651845E+01	0.000000E+00
1.993750000000E+07	-6.444298E+01	0.000000E+00
1.997500000000E+07	-6.512754E+01	0.000000E+00
2.001250000000E+07	-6.544296E+01	0.000000E+00
2.005000000000E+07	-6.481261E+01	0.000000E+00
2.008750000000E+07	-6.446078E+01	0.000000E+00
2.012500000000E+07	-6.543538E+01	0.000000E+00
2.016250000000E+07	-6.718198E+01	0.000000E+00
2.020000000000E+07	-6.489823E+01	0.000000E+00
2.023750000000E+07	-6.526460E+01	0.000000E+00
2.027500000000E+07	-6.615260E+01	0.000000E+00
2.031250000000E+07	-6.566048E+01	0.000000E+00
2.035000000000E+07	-6.499940E+01	0.000000E+00
2.038750000000E+07	-6.662096E+01	0.000000E+00
2.042500000000E+07	-6.740054E+01	0.000000E+00
2.046250000000E+07	-6.550946E+01	0.000000E+00
2.050000000000E+07	-6.578571E+01	0.000000E+00
2.053750000000E+07	-6.688979E+01	0.000000E+00
2.057500000000E+07	-6.675893E+01	0.000000E+00
2.061250000000E+07	-6.536759E+01	0.000000E+00
2.065000000000E+07	-6.695003E+01	0.000000E+00
2.068750000000E+07	-6.750826E+01	0.000000E+00
2.072500000000E+07	-6.524189E+01	0.000000E+00
2.076250000000E+07	-6.560535E+01	0.000000E+00
2.080000000000E+07	-6.704181E+01	0.000000E+00
2.083750000000E+07	-6.816354E+01	0.000000E+00
2.087500000000E+07	-6.525404E+01	0.000000E+00
2.091250000000E+07	-6.712569E+01	0.000000E+00
2.095000000000E+07	-6.708846E+01	0.000000E+00
2.098750000000E+07	-6.486797E+01	0.000000E+00
2.102500000000E+07	-6.532857E+01	0.000000E+00
2.106250000000E+07	-6.707351E+01	0.000000E+00
2.110000000000E+07	-6.719918E+01	0.000000E+00
2.113750000000E+07	-6.544495E+01	0.000000E+00
2.117500000000E+07	-6.694663E+01	0.000000E+00
2.121250000000E+07	-6.650962E+01	0.000000E+00
2.125000000000E+07	-6.613209E+01	0.000000E+00
2.128750000000E+07	-6.576514E+01	0.000000E+00
2.132500000000E+07	-6.660789E+01	0.000000E+00
2.136250000000E+07	-6.368944E+01	0.000000E+00
2.140000000000E+07	-6.602315E+01	0.000000E+00
2.143750000000E+07	-6.591003E+01	0.000000E+00
2.147500000000E+07	-6.426456E+01	0.000000E+00
2.151250000000E+07	-6.496822E+01	0.000000E+00
2.155000000000E+07	-6.598604E+01	0.000000E+00
2.158750000000E+07	-6.409672E+01	0.000000E+00
2.162500000000E+07	-6.086750E+01	0.000000E+00
2.166250000000E+07	-6.590794E+01	0.000000E+00
2.170000000000E+07	-6.422102E+01	0.000000E+00
2.173750000000E+07	-6.153783E+01	0.000000E+00
2.177500000000E+07	-6.138761E+01	0.000000E+00
2.181250000000E+07	-6.381368E+01	0.000000E+00
2.185000000000E+07	-6.104347E+01	0.000000E+00
2.188750000000E+07	-5.873238E+01	0.000000E+00
2.192500000000E+07	-6.385195E+01	0.000000E+00
2.196250000000E+07	-6.153635E+01	0.000000E+00
2.200000000000E+07	-5.897413E+01	0.000000E+00
2.203750000000E+07	-5.784836E+01	0.000000E+00
2.207500000000E+07	-6.084076E+01	0.000000E+00
2.211250000000E+07	-5.806970E+01	0.000000E+00
2.215000000000E+07	-5.641602E+01	0.000000E+00
2.218750000000E+07	-6.058599E+01	0.000000E+00
2.222500000000E+07	-5.887309E+01	0.000000E+00
2.226250000000E+07	-5.668068E+01	0.000000E+00
2.230000000000E+07	-5.511887E+01	0.000000E+00
2.233750000000E+07	-5.817693E+01	0.000000E+00
2.237500000000E+07	-5.603428E+01	0.000000E+00
2.241250000000E+07	-5.486074E+01	0.000000E+00
2.245000000000E+07	-5.672507E+01	0.000000E+00
2.248750000000E+07	-5.694925E+01	0.000000E+00
2.252500000000E+07	-5.475677E+01	0.000000E+00
2.256250000000E+07	-5.311395E+01	0.000000E+00
2.260000000000E+07	-5.580241E+01	0.000000E+00
2.263750000000E+07	-5.412243E+01	0.000000E+00
2.267500000000E+07	-5.343942E+01	0.000000E+00
2.271250000000E+07	-5.436966E+01	0.000000E+00
2.275000000000E+07	-5.476244E+01	0.000000E+00
2.278750000000E+07	-5.296556E+01	0.000000E+00
2.282500000000E+07	-5.160087E+01	0.000000E+00
2.286250000000E+07	-5.356590E+01	0.000000E+00
2.290000000000E+07	-5.273292E+01	0.000000E+00
2.293750000000E+07	-5.185681E+01	0.000000E+00
2.297500000000E+07	-5.240393E+01	0.000000E+00
2.301250000000E+07	-5.285945E+01	0.000000E+00
2.305000000000E+07	-5.137038E+01	0.000000E+00
2.308750000000E+07	-5.057372E+01	0.000000E+00
2.312500000000E+07	-5.168915E+01	0.000000E+00
2.316250000000E+07	-5.166085E+01	0.000000E+00
2.320000000000E+07	-5.051929E+01	0.000000E+00
2.323750000000E+07	-5.074750E+01	0.000000E+00
2.327500000000E+07	-5.106733E+01	0.000000E+00
2.331250000000E+07	-4.989042E+01	0.000000E+00
2.335000000000E+07	-4.956369E+01	0.000000E+00
2.338750000000E+07	-4.980099E+01	0.000000E+00
2.342500000000E+07	-5.001558E+01	0.000000E+00
2.346250000000E+07	-4.903716E+01	0.000000E+00
2.350000000000E+07	-4.899716E+01	0.000000E+00
2.353750000000E+07	-4.923313E+01	0.000000E+00
2.357500000000E+07	-4.855618E+01	0.000000E+00
2.361250000000E+07	-4.842452E+01	0.000000E+00
2.365000000000E+07	-4.832864E+01	0.000000E+00
2.368750000000E+07	-4.843204E+01	0.000000E+00
2.372500000000E+07	-4.790012E+01	0.000000E+00
2.376250000000E+07	-4.767416E+01	0.000000E+00
2.380000000000E+07	-4.785155E+01	0.000000E+00
2.383750000000E+07	-4.760695E+01	0.000000E+00
2.387500000000E+07	-4.758874E+01	0.000000E+00
2.391250000000E+07	-4.751921E+01	0.000000E+00
2.395000000000E+07	-4.744101E+01	0.000000E+00
2.398750000000E+07	-4.724178E+01	0.000000E+00
2.402500000000E+07	-4.704817E+01	0.000000E+00
2.406250000000E+07	-4.710752E+01	0.000000E+00
2.410000000000E+07	-4.710178E+01	0.000000E+00
2.413750000000E+07	-4.706186E+01	0.000000E+00
2.417500000000E+07	-4.700135E+01	0.000000E+00
2.421250000000E+07	-4.695639E+01	0.000000E+00
2.425000000000E+07	-4.698330E+01	0.000000E+00
2.428750000000E+07	-4.704749E+01	0.000000E+00
2.432500000000E+07	-4.702647E+01	0.000000E+00
2.436250000000E+07	-4.704670E+01	0.000000E+00
2.440000000000E+07	-4.698906E+01	0.000000E+00
2.443750000000E+07	-4.707714E+01	0.000000E+00
2.447500000000E+07	-4.703857E+01	0.000000E+00
2.451250000000E+07	-4.706232E+01	0.000000E+00
2.455000000000E+07	-4.715208E+01	0.000000E+00
2.458750000000E+07	-4.717617E+01	0.000000E+00
2.462500000000E+07	-4.726486E+01	0.000000E+00
2.466250000000E+07	-4.722016E+01	0.000000E+00
2.470000000000E+07	-4.736841E+01	0.000000E+00
2.473750000000E+07	-4.739294E+01	0.000000E+00
2.477500000000E+07	-4.746389E+01	0.000000E+00
2.481250000000E+07	-4.762471E+01	0.000000E+00
2.485000000000E+07	-4.770459E+01	0.000000E+00
2.488750000000E+07	-4.776235E+01	0.000000E+00
2.492500000000E+07	-4.787677E+01	0.000000E+00
2.496250000000E+07	-4.808198E+01	0.000000E+00
2.500000000000E+07	-4.815914E+01	0.000000E+00
2.503750000000E+07	-4.827605E+01	0.000000E+00
2.507500000000E+07	-4.845658E+01	0.000000E+00
2.511250000000E+07	-4.864841E+01	0.000000E+00
2.515000000000E+07	-4.866326E+01	0.000000E+00
2.518750000000E+07	-4.880872E+01	0.000000E+00
2.522500000000E+07	-4.897501E+01	0.000000E+00
2.526250000000E+07	-4.909984E+01	0.000000E+00
2.530000000000E+07	-4.918918E+01	0.000000E+00
2.533750000000E+07	-4.925247E+01	0.000000E+00
2.537500000000E+07	-4.963044E+01	0.000000E+00
2.541250000000E+07	-4.952384E+01	0.000000E+00
2.545000000000E+07	-4.950861E+01	0.000000E+00
2.548750000000E+07	-4.970359E+01	0.000000E+00
2.552500000000E+07	-4.986699E+01	0.000000E+00
2.556250000000E+07	-4.974337E+01	0.000000E+00
2.560000000000E+07	-4.981323E+01	0.000000E+00
2.563750000000E+07	-5.007937E+01	0.000000E+00
2.567500000000E+07	-5.001945E+01	0.000000E+00
2.571250000000E+07	-4.975558E+01	0.000000E+00
2.575000000000E+07	-4.986243E+01	0.000000E+00
2.578750000000E+07	-5.005966E+01	0.000000E+00
2.582500000000E+07	-4.968560E+01	0.000000E+00
2.586250000000E+07	-4.946759E+01	0.000000E+00
2.590000000000E+07	-4.970226E+01	0.000000E+00
2.593750000000E+07	-4.983070E+01	0.000000E+00
2.597500000000E+07	-4.923935E+01	0.000000E+00
2.601250000000E+07	-4.926534E+01	0.000000E+00
2.605000000000E+07	-4.961150E+01	0.000000E+00
2.608750000000E+07	-4.927606E+01	0.000000E+00
2.612500000000E+07	-4.866060E+01	0.000000E+00
2.616250000000E+07	-4.881282E+01	0.000000E+00
2.620000000000E+07	-4.909349E+01	0.000000E+00
2.623750000000E+07	-4.826945E+01	0.000000E+00
2.627500000000E+07	-4.826332E+01	0.000000E+00
2.631250000000E+07	-4.864981E+01	0.000000E+00
2.635000000000E+07	-4.835577E+01	0.000000E+00
2.638750000000E+07	-4.740562E+01	0.000000E+00
2.642500000000E+07	-4.753215E+01	0.000000E+00
2.646250000000E+07	-4.793825E+01	0.000000E+00
2.650000000000E+07	-4.683697E+01	0.000000E+00
2.653750000000E+07	-4.680895E+01	0.000000E+00
2.657500000000E+07	-4.725723E+01	0.000000E+00
2.661250000000E+07	-4.705566E+01	0.000000E+00
2.665000000000E+07	-4.611469E+01	0.000000E+00
2.668750000000E+07	-4.624558E+01	0.000000E+00
2.672500000000E+07	-4.674765E+01	0.000000E+00
2.676250000000E+07	-4.556299E+01	0.000000E+00
2.680000000000E+07	-4.566814E+01	0.000000E+00
2.683750000000E+07	-4.604559E+01	0.000000E+00
2.687500000000E+07	-4.616936E+01	0.000000E+00
2.691250000000E+07	-4.517744E+01	0.000000E+00
2.695000000000E+07	-4.544178E+01	0.000000E+00
2.698750000000E+07	-4.608575E+01	0.000000E+00
2.702500000000E+07	-4.487239E+01	0.000000E+00
2.706250000000E+07	-4.498362E+01	0.000000E+00
2.710000000000E+07	-4.537398E+01	0.000000E+00
2.713750000000E+07	-4.588489E+01	0.000000E+00
2.717500000000E+07	-4.459243E+01	0.000000E+00
2.721250000000E+07	-4.491285E+01	0.000000E+00
2.725000000000E+07	-4.567494E+01	0.000000E+00
2.728750000000E+07	-4.455268E+01	0.000000E+00
2.732500000000E+07	-4.427393E+01	0.000000E+00
2.736250000000E+07	-4.467878E+01	0.000000E+00
2.740000000000E+07	-4.554148E+01	0.000000E+00
2.743750000000E+07	-4.403347E+01	0.000000E+00
2.747500000000E+07	-4.425621E+01	0.000000E+00
2.751250000000E+07	-4.524559E+01	0.000000E+00
2.755000000000E+07	-4.450885E+01	0.000000E+00
2.758750000000E+07	-4.351589E+01	0.000000E+00
2.762500000000E+07	-4.388852E+01	0.000000E+00
2.766250000000E+07	-4.503573E+01	0.000000E+00
2.770000000000E+07	-4.321929E+01	0.000000E+00
2.773750000000E+07	-4.330465E+01	0.000000E+00
2.777500000000E+07	-4.449554E+01	0.000000E+00
2.781250000000E+07	-4.410608E+01	0.000000E+00
2.785000000000E+07	-4.262402E+01	0.000000E+00
2.788750000000E+07	-4.290398E+01	0.000000E+00
2.792500000000E+07	-4.418459E+01	0.000000E+00
2.796250000000E+07	-4.229013E+01	0.000000E+00
2.800000000000E+07	-4.211899E+01	0.000000E+00
2.803750000000E+07	-4.316276E+01	0.000000E+00
2.807500000000E+07	-4.325589E+01	0.000000E+00
2.811250000000E+07	-4.160051E+01	0.000000E+00
2.815000000000E+07	-4.177055E+01	0.000000E+00
2.818750000000E+07	-4.299341E+01	0.000000E+00
2.822500000000E+07	-4.120026E+01	0.000000E+00
2.826250000000E+07	-4.086510E+01	0.000000E+00
2.830000000000E+07	-4.125443E+01	0.000000E+00
2.833750000000E+07	-4.214535E+01	0.000000E+00
2.837500000000E+07	-4.041506E+01	0.000000E+00
2.841250000000E+07	-4.039292E+01	0.000000E+00
2.845000000000E+07	-4.154872E+01	0.000000E+00
2.848750000000E+07	-3.993451E+01	0.000000E+00
2.852500000000E+07	-3.959309E+01	0.000000E+00
2.856250000000E+07	-3.953261E+01	0.000000E+00
2.860000000000E+07	-4.054527E+01	0.000000E+00
2.863750000000E+07	-3.905618E+01	0.000000E+00
2.867500000000E+07	-3.891404E+01	0.000000E+00
2.871250000000E+07	-3.942575E+01	0.000000E+00
2.875000000000E+07	-3.869844E+01	0.000000E+00
2.878750000000E+07	-3.787659E+01	0.000000E+00
2.882500000000E+07	-3.755187E+01	0.000000E+00
2.886250000000E+07	-3.771094E+01	0.000000E+00
2.890000000000E+07	-3.690772E+01	0.000000E+00
2.893750000000E+07	-3.656551E+01	0.000000E+00
2.897500000000E+07	-3.635989E+01	0.000000E+00
2.901250000000E+07	-3.600416E+01	0.000000E+00
2.905000000000E+07	-3.567274E+01	0.000000E+00
2.908750000000E+07	-3.541981E+01	0.000000E+00
2.912500000000E+07	-3.480900E+01	0.000000E+00
2.916250000000E+07	-3.502384E+01	0.000000E+00
2.920000000000E+07	-3.482141E+01	0.000000E+00
2.923750000000E+07	-3.428025E+01	0.000000E+00
2.927500000000E+07	-3.413698E+01	0.000000E+00
2.931250000000E+07	-3.454519E+01	0.000000E+00
2.935000000000E+07	-3.446800E+01	0.000000E+00
2.938750000000E+07	-3.358507E+01	0.000000E+00
2.942500000000E+07	-3.450281E+01	0.000000E+00
2.946250000000E+07	-3.430801E+01	0.000000E+00
2.950000000000E+07	-3.377649E+01	0.000000E+00
2.953750000000E+07	-3.352003E+01	0.000000E+00
2.957500000000E+07	-3.423801E+01	0.000000E+00
2.961250000000E+07	-3.409317E+01	0.000000E+00
2.965000000000E+07	-3.312099E+01	0.000000E+00
2.968750000000E+07	-3.430093E+01	0.000000E+00
2.972500000000E+07	-3.394961E+01	0.000000E+00
2.976250000000E+07	-3.370340E+01	0.000000E+00
2.980000000000E+07	-3.296341E+01	0.000000E+00
2.983750000000E+07	-3.378455E+01	0.000000E+00
2.987500000000E+07	-3.372707E+01	0.000000E+00
2.991250000000E+07	-3.251891E+01	0.000000E+00
2.995000000000E+07	-3.332537E+01	0.000000E+00
2.998750000000E+07	-3.323682E+01	0.000000E+00
3.002500000000E+07	-3.305346E+01	0.000000E+00
3.006250000000E+07	-3.204551E+01	0.000000E+00
3.010000000000E+07	-3.285267E+01	0.000000E+00
3.013750000000E+07	-3.255604E+01	0.000000E+00
3.017500000000E+07	-3.168855E+01	0.000000E+00
3.021250000000E+07	-3.199158E+01	0.000000E+00
3.025000000000E+07	-3.222877E+01	0.000000E+00
3.028750000000E+07	-3.199703E+01	0.000000E+00
3.032500000000E+07	-3.117711E+01	0.000000E+00
3.036250000000E+07	-3.186626E+01	0.000000E+00
3.040000000000E+07	-3.163378E+01	0.000000E+00
3.043750000000E+07	-3.106681E+01	0.000000E+00
3.047500000000E+07	-3.115967E+01	0.000000E+00
3.051250000000E+07	-3.144787E+01	0.000000E+00
3.055000000000E+07	-3.129548E+01	0.000000E+00
3.058750000000E+07	-3.078789E+01	0.000000E+00
3.062500000000E+07	-3.123252E+01	0.000000E+00
3.066250000000E+07	-3.118489E+01	0.000000E+00
3.070000000000E+07	-3.083854E+01	0.000000E+00
3.073750000000E+07	-3.087458E+01	0.000000E+00
3.077500000000E+07	-3.116505E+01	0.000000E+00
3.081250000000E+07	-3.110425E+01	0.000000E+00
3.085000000000E+07	-3.091514E+01	0.000000E+00
3.088750000000E+07	-3.114164E+01	0.000000E+00
3.092500000000E+07	-3.126274E+01	0.000000E+00
3.096250000000E+07	-3.111662E+01	0.000000E+00
3.100000000000E+07	-3.120927E+01	0.000000E+00
3.103750000000E+07	-3.144553E+01	0.000000E+00
3.107500000000E+07	-3.148007E+01	0.000000E+00
3.111250000000E+07	-3.147253E+01	0.000000E+00
3.115000000000E+07	-3.154865E+01	0.000000E+00
3.118750000000E+07	-3.173778E+01	0.000000E+00
3.122500000000E+07	-3.170658E+01	0.000000E+00
3.126250000000E+07	-3.181231E+01	0.000000E+00
3.130000000000E+07	-3.199406E+01	0.000000E+00
3.133750000000E+07	-3.211217E+01	0.000000E+00
3.137500000000E+07	-3.219513E+01	0.000000E+00
3.141250000000E+07	-3.230724E+01	0.000000E+00
3.145000000000E+07	-3.246713E+01	0.000000E+00
3.148750000000E+07	-3.250322E+01	0.000000E+00
3.152500000000E+07	-3.263300E+01	0.000000E+00
3.156250000000E+07	-3.279383E+01	0.000000E+00
3.160000000000E+07	-3.295898E+01	0.000000E+00
3.163750000000E+07	-3.307628E+01	0.000000E+00
3.167500000000E+07	-3.320573E+01	0.000000E+00
3.171250000000E+07	-3.333801E+01	0.000000E+00
3.175000000000E+07	-3.338371E+01	0.000000E+00
3.178750000000E+07	-3.350038E+01	0.000000E+00
3.182500000000E+07	-3.362400E+01	0.000000E+00
3.186250000000E+07	-3.379919E+01	0.000000E+00
3.190000000000E+07	-3.390292E+01	0.000000E+00
3.193750000000E+07	-3.401440E+01	0.000000E+00
3.197500000000E+07	-3.409488E+01	0.000000E+00
3.201250000000E+07	-3.413081E+01	0.000000E+00
3.205000000000E+07	-3.424967E+01	0.000000E+00
3.208750000000E+07	-3.431038E+01	0.000000E+00
3.212500000000E+07	-3.445570E+01	0.000000E+00
3.216250000000E+07	-3.453964E+01	0.000000E+00
3.220000000000E+07	-3.464035E+01	0.000000E+00
3.223750000000E+07	-3.470694E+01	0.000000E+00
3.227500000000E+07	-3.466768E+01	0.000000E+00
3.231250000000E+07	-3.481942E+01	0.000000E+00
3.235000000000E+07	-3.475741E+01	0.000000E+00
3.238750000000E+07	-3.486623E+01	0.000000E+00
3.242500000000E+07	-3.492599E+01	0.000000E+00
3.246250000000E+07	-3.499770E+01	0.000000E+00
3.250000000000E+07	-3.500182E+01	0.000000E+00
3.253750000000E+07	-3.503478E+01	0.000000E+00
3.257500000000E+07	-3.515738E+01	0.000000E+00
3.261250000000E+07	-3.512504E+01	0.000000E+00
3.265000000000E+07	-3.519974E+01	0.000000E+00
3.268750000000E+07	-3.525257E+01	0.000000E+00
3.272500000000E+07	-3.535442E+01	0.000000E+00
3.276250000000E+07	-3.535411E+01	0.000000E+00
3.280000000000E+07	-3.543205E+01	0.000000E+00
3.283750000000E+07	-3.558542E+01	0.000000E+00
3.287500000000E+07	-3.563417E+01	0.000000E+00
3.291250000000E+07	-3.566945E+01	0.000000E+00
3.295000000000E+07	-3.567578E+01	0.000000E+00
3.298750000000E+07	-3.581450E+01	0.000000E+00
3.302500000000E+07	-3.580394E+01	0.000000E+00
3.306250000000E+07	-3.589782E+01	0.000000E+00
3.310000000000E+07	-3.604881E+01	0.000000E+00
3.313750000000E+07	-3.608265E+01	0.000000E+00
3.317500000000E+07	-3.610427E+01	0.000000E+00
3.321250000000E+07	-3.617229E+01	0.000000E+00
3.325000000000E+07	-3.636517E+01	0.000000E+00
3.328750000000E+07	-3.630300E+01	0.000000E+00
3.332500000000E+07	-3.641849E+01	0.000000E+00
3.336250000000E+07	-3.663519E+01	0.000000E+00
3.340000000000E+07	-3.694919E+01	0.000000E+00
3.343750000000E+07	-3.675998E+01	0.000000E+00
3.347500000000E+07	-3.670570E+01	0.000000E+00
3.351250000000E+07	-3.701643E+01	0.000000E+00
3.355000000000E+07	-3.680929E+01	0.000000E+00
3.358750000000E+07	-3.696006E+01	0.000000E+00
3.362500000000E+07	-3.723341E+01	0.000000E+00
3.366250000000E+07	-3.734243E+01	0.000000E+00
3.370000000000E+07	-3.718698E+01	0.000000E+00
3.373750000000E+07	-3.723091E+01	0.000000E+00
3.377500000000E+07	-3.760462E+01	0.000000E+00
3.381250000000E+07	-3.734080E+01	0.000000E+00
3.385000000000E+07	-3.749377E+01	0.000000E+00
3.388750000000E+07	-3.778688E+01	0.000000E+00
3.392500000000E+07	-3.803858E+01	0.000000E+00
3.396250000000E+07	-3.772543E+01	0.000000E+00
3.400000000000E+07	-3.779433E+01	0.000000E+00
3.403750000000E+07	-3.832836E+01	0.000000E+00
3.407500000000E+07	-3.801377E+01	0.000000E+00
3.411250000000E+07	-3.804767E+01	0.000000E+00
3.415000000000E+07	-3.826280E+01	0.000000E+00
3.418750000000E+07	-3.877849E+01	0.000000E+00
3.422500000000E+07	-3.825801E+01	0.000000E+00
3.426250000000E+07	-3.832975E+01	0.000000E+00
3.430000000000E+07	-3.903160E+01	0.000000E+00
3.433750000000E+07	-3.884237E+01	0.000000E+00
3.437500000000E+07	-3.851715E+01	0.000000E+00
3.441250000000E+07	-3.874183E+01	0.000000E+00
3.445000000000E+07	-3.954122E+01	0.000000E+00
3.448750000000E+07	-3.877104E+01	0.000000E+00
3.452500000000E+07	-3.882832E+01	0.000000E+00
3.456250000000E+07	-3.977248E+01	0.000000E+00
3.460000000000E+07	-3.978417E+01	0.000000E+00
3.463750000000E+07	-3.916879E+01	0.000000E+00
3.467500000000E+07	-3.927844E+01	0.000000E+00
3.471250000000E+07	-4.031380E+01	0.000000E+00
3.475000000000E+07	-3.935486E+01	0.000000E+00
3.478750000000E+07	-3.931805E+01	0.000000E+00
3.482500000000E+07	-4.049564E+01	0.000000E+00
3.486250000000E+07	-4.060076E+01	0.000000E+00
3.490000000000E+07	-3.951309E+01	0.000000E+00
3.493750000000E+07	-3.981313E+01	0.000000E+00
3.497500000000E+07	-4.111897E+01	0.000000E+00
3.501250000000E+07	-4.007475E+01	0.000000E+00
3.505000000000E+07	-3.979357E+01	0.000000E+00
3.508750000000E+07	-4.117617E+01	0.000000E+00
3.512500000000E+07	-4.131100E+01	0.000000E+00
3.516250000000E+07	-4.004051E+01	0.000000E+00
3.520000000000E+07	-4.034143E+01	0.000000E+00
3.523750000000E+07	-4.179145E+01	0.000000E+00
3.527500000000E+07	-4.098045E+01	0.000000E+00
3.531250000000E+07	-4.032675E+01	0.000000E+00
3.535000000000E+07	-4.169283E+01	0.000000E+00
3.538750000000E+07	-4.186123E+01	0.000000E+00
3.542500000000E+07	-4.067508E+01	0.000000E+00
3.546250000000E+07	-4.086470E+01	0.000000E+00
3.550000000000E+07	-4.229507E+01	0.000000E+00
3.553750000000E+07	-4.199758E+01	0.000000E+00
3.557500000000E+07	-4.082841E+01	0.000000E+00
3.561250000000E+07	-4.218127E+01	0.000000E+00
3.565000000000E+07	-4.222913E+01	0.000000E+00
3.568750000000E+07	-4.142801E+01	0.000000E+00
3.572500000000E+07	-4.146364E+01	0.000000E+00
3.576250000000E+07	-4.264154E+01	0.000000E+00
3.580000000000E+07	-4.293017E+01	0.000000E+00
3.583750000000E+07	-4.168715E+01	0.000000E+00
3.587500000000E+07	-4.274288E+01	0.000000E+00
3.591250000000E+07	-4.223749E+01	0.000000E+00
3.595000000000E+07	-4.240529E+01	0.000000E+00
3.598750000000E+07	-4.215945E+01	0.000000E+00
3.602500000000E+07	-4.249318E+01	0.000000E+00
3.606250000000E+07	-4.272976E+01	0.000000E+00
3.610000000000E+07	-4.240370E+01	0.000000E+00
3.613750000000E+07	-4.333644E+01	0.000000E+00
3.617500000000E+07	-4.182331E+01	0.000000E+00
3.621250000000E+07	-4.343748E+01	0.000000E+00
3.625000000000E+07	-4.296537E+01	0.000000E+00
3.628750000000E+07	-4.181025E+01	0.000000E+00
3.632500000000E+07	-4.174214E+01	0.000000E+00
3.636250000000E+07	-4.334036E+01	0.000000E+00
3.640000000000E+07	-4.379764E+01	0.000000E+00
3.643750000000E+07	-4.087744E+01	0.000000E+00
3.647500000000E+07	-4.392125E+01	0.000000E+00
3.651250000000E+07	-4.364557E+01	0.000000E+00
3.655000000000E+07	-4.084885E+01	0.000000E+00
3.658750000000E+07	-4.048004E+01	0.000000E+00
3.662500000000E+07	-4.397351E+01	0.000000E+00
3.666250000000E+07	-4.379658E+01	0.000000E+00
3.670000000000E+07	-3.965514E+01	0.000000E+00
3.673750000000E+07	-4.274397E+01	0.000000E+00
3.677500000000E+07	-4.388808E+01	0.000000E+00
3.681250000000E+07	-4.056812E+01	0.000000E+00
3.685000000000E+07	-3.890401E+01	0.000000E+00
3.688750000000E+07	-4.346684E+01	0.000000E+00
3.692500000000E+07	-4.297472E+01	0.000000E+00
3.696250000000E+07	-3.830757E+01	0.000000E+00
3.700000000000E+07	-4.020056E+01	0.000000E+00
3.703750000000E+07	-4.308659E+01	0.000000E+00
3.707500000000E+07	-3.997331E+01	0.000000E+00
3.711250000000E+07	-3.721774E+01	0.000000E+00
3.715000000000E+07	-4.158859E+01	0.000000E+00
3.718750000000E+07	-4.130552E+01	0.000000E+00
3.722500000000E+07	-3.687717E+01	0.000000E+00
3.726250000000E+07	-3.747649E+01	0.000000E+00
3.730000000000E+07	-4.103800E+01	0.000000E+00
3.733750000000E+07	-3.848346E+01	0.000000E+00
3.737500000000E+07	-3.573404E+01	0.000000E+00
3.741250000000E+07	-3.900936E+01	0.000000E+00
3.745000000000E+07	-3.922991E+01	0.000000E+00
3.748750000000E+07	-3.564267E+01	0.000000E+00
3.752500000000E+07	-3.567951E+01	0.000000E+00
3.756250000000E+07	-3.861930E+01	0.000000E+00
3.760000000000E+07	-3.676587E+01	0.000000E+00
3.763750000000E+07	-3.464436E+01	0.000000E+00
3.767500000000E+07	-3.642226E+01	0.000000E+00
3.771250000000E+07	-3.713488E+01	0.000000E+00
3.775000000000E+07	-3.466129E+01	0.000000E+00
3.778750000000E+07	-3.462387E+01	0.000000E+00
3.782500000000E+07	-3.615572E+01	0.000000E+00
3.786250000000E+07	-3.499977E+01	0.000000E+00
3.790000000000E+07	-3.386341E+01	0.000000E+00
3.793750000000E+07	-3.422055E+01	0.000000E+00
3.797500000000E+07	-3.506072E+01	0.000000E+00
3.801250000000E+07	-3.385933E+01	0.000000E+00
3.805000000000E+07	-3.379145E+01	0.000000E+00
3.808750000000E+07	-3.399351E+01	0.000000E+00
3.812500000000E+07	-3.342813E+01	0.000000E+00
3.816250000000E+07	-3.343625E+01	0.000000E+00
3.820000000000E+07	-3.283249E+01	0.000000E+00
3.823750000000E+07	-3.323443E+01	0.000000E+00
3.827500000000E+07	-3.283021E+01	0.000000E+00
3.831250000000E+07	-3.318748E+01	0.000000E+00
3.835000000000E+07	-3.236072E+01	0.000000E+00
3.838750000000E+07	-3.213449E+01	0.000000E+00
3.842500000000E+07	-3.279580E+01	0.000000E+00
3.846250000000E+07	-3.197227E+01	0.000000E+00
3.850000000000E+07	-3.182498E+01	0.000000E+00
3.853750000000E+07	-3.177562E+01	0.000000E+00
3.857500000000E+07	-3.279406E+01	0.000000E+00
3.861250000000E+07	-3.131517E+01	0.000000E+00
3.865000000000E+07	-3.122461E+01	0.000000E+00
3.868750000000E+07	-3.245069E+01	0.000000E+00
3.872500000000E+07	-3.192177E+01	0.000000E+00
3.876250000000E+07	-3.088528E+01	0.000000E+00
3.880000000000E+07	-3.113534E+01	0.000000E+00
3.883750000000E+07	-3.253333E+01	0.000000E+00
3.887500000000E+07	-3.076491E+01	0.000000E+00
3.891250000000E+07	-3.061680E+01	0.000000E+00
3.895000000000E+07	-3.216621E+01	0.000000E+00
3.898750000000E+07	-3.202177E+01	0.000000E+00
3.902500000000E+07	-3.032825E+01	0.000000E+00
3.906250000000E+07	-3.066593E+01	0.000000E+00
3.910000000000E+07	-3.225332E+01	0.000000E+00
3.913750000000E+07	-3.051183E+01	0.000000E+00
3.917500000000E+07	-3.016355E+01	0.000000E+00
3.921250000000E+07	-3.191689E+01	0.000000E+00
3.925000000000E+07	-3.183993E+01	0.000000E+00
3.928750000000E+07	-3.004385E+01	0.000000E+00
3.932500000000E+07	-3.036376E+01	0.000000E+00
3.936250000000E+07	-3.207610E+01	0.000000E+00
3.940000000000E+07	-3.051688E+01	0.000000E+00
3.943750000000E+07	-2.988198E+01	0.000000E+00
3.947500000000E+07	-3.143422E+01	0.000000E+00
3.951250000000E+07	-3.158827E+01	0.000000E+00
3.955000000000E+07	-2.989502E+01	0.000000E+00
3.958750000000E+07	-3.010383E+01	0.000000E+00
3.962500000000E+07	-3.161754E+01	0.000000E+00
3.966250000000E+07	-3.051546E+01	0.000000E+00
3.970000000000E+07	-2.972175E+01	0.000000E+00
3.973750000000E+07	-3.074187E+01	0.000000E+00
3.977500000000E+07	-3.134322E+01	0.000000E+00
3.981250000000E+07	-2.984883E+01	0.000000E+00
3.985000000000E+07	-2.993595E+01	0.000000E+00
3.988750000000E+07	-3.129783E+01	0.000000E+00
3.992500000000E+07	-3.062404E+01	0.000000E+00
3.996250000000E+07	-2.966442E+01	0.000000E+00
4.000000000000E+07	-3.032430E+01	0.000000E+00



"CHANNEL: 2"
"MEASURE TYPE: A/B"
"FORMAT TYPE: PHASE (DEG)"
"NUMBER of POINTS: 801"
"SWEEP TIME:  1.882 s"
"SWEEP TYPE: LIN FREQ"
"SOURCE POWER:  15 dBm"
"IF BANDWIDTH:  3 kHz"

"Frequency"	"Data Trace Real"	"Data Trace Imag"
1.000000000000E+07	-9.727171E+01	0.000000E+00
1.003750000000E+07	-9.846427E+01	0.000000E+00
1.007500000000E+07	-1.021058E+02	0.000000E+00
1.011250000000E+07	-1.046959E+02	0.000000E+00
1.015000000000E+07	-1.095996E+02	0.000000E+00
1.018750000000E+07	-1.150823E+02	0.000000E+00
1.022500000000E+07	-1.167385E+02	0.000000E+00
1.026250000000E+07	-1.195971E+02	0.000000E+00
1.030000000000E+07	-1.246678E+02	0.000000E+00
1.033750000000E+07	-1.279191E+02	0.000000E+00
1.037500000000E+07	-1.302428E+02	0.000000E+00
1.041250000000E+07	-1.334438E+02	0.000000E+00
1.045000000000E+07	-1.376094E+02	0.000000E+00
1.048750000000E+07	-1.392169E+02	0.000000E+00
1.052500000000E+07	-1.422387E+02	0.000000E+00
1.056250000000E+07	-1.460863E+02	0.000000E+00
1.060000000000E+07	-1.478685E+02	0.000000E+00
1.063750000000E+07	-1.489704E+02	0.000000E+00
1.067500000000E+07	-1.517185E+02	0.000000E+00
1.071250000000E+07	-1.549364E+02	0.000000E+00
1.075000000000E+07	-1.553730E+02	0.000000E+00
1.078750000000E+07	-1.588424E+02	0.000000E+00
1.082500000000E+07	-1.593305E+02	0.000000E+00
1.086250000000E+07	-1.607379E+02	0.000000E+00
1.090000000000E+07	-1.608866E+02	0.000000E+00
1.093750000000E+07	-1.621303E+02	0.000000E+00
1.097500000000E+07	-1.648320E+02	0.000000E+00
1.101250000000E+07	-1.636335E+02	0.000000E+00
1.105000000000E+07	-1.655910E+02	0.000000E+00
1.108750000000E+07	-1.645128E+02	0.000000E+00
1.112500000000E+07	-1.661636E+02	0.000000E+00
1.116250000000E+07	-1.647384E+02	0.000000E+00
1.120000000000E+07	-1.655523E+02	0.000000E+00
1.123750000000E+07	-1.650685E+02	0.000000E+00
1.127500000000E+07	-1.618127E+02	0.000000E+00
1.131250000000E+07	-1.604250E+02	0.000000E+00
1.135000000000E+07	-1.580459E+02	0.000000E+00
1.138750000000E+07	-1.591496E+02	0.000000E+00
1.142500000000E+07	-1.556422E+02	0.000000E+00
1.146250000000E+07	-1.554956E+02	0.000000E+00
1.150000000000E+07	-1.538189E+02	0.000000E+00
1.153750000000E+07	-1.524588E+02	0.000000E+00
1.157500000000E+07	-1.509738E+02	0.000000E+00
1.161250000000E+07	-1.510342E+02	0.000000E+00
1.165000000000E+07	-1.523114E+02	0.000000E+00
1.168750000000E+07	-1.491173E+02	0.000000E+00
1.172500000000E+07	-1.501717E+02	0.000000E+00
1.176250000000E+07	-1.513901E+02	0.000000E+00
1.180000000000E+07	-1.523985E+02	0.000000E+00
1.183750000000E+07	-1.517540E+02	0.000000E+00
1.187500000000E+07	-1.534865E+02	0.000000E+00
1.191250000000E+07	-1.569685E+02	0.000000E+00
1.195000000000E+07	-1.522940E+02	0.000000E+00
1.198750000000E+07	-1.541345E+02	0.000000E+00
1.202500000000E+07	-1.581583E+02	0.000000E+00
1.206250000000E+07	-1.593907E+02	0.000000E+00
1.210000000000E+07	-1.571405E+02	0.000000E+00
1.213750000000E+07	-1.607346E+02	0.000000E+00
1.217500000000E+07	-1.619093E+02	0.000000E+00
1.221250000000E+07	-1.617072E+02	0.000000E+00
1.225000000000E+07	-1.616606E+02	0.000000E+00
1.228750000000E+07	-1.673461E+02	0.000000E+00
1.232500000000E+07	-1.691443E+02	0.000000E+00
1.236250000000E+07	-1.661225E+02	0.000000E+00
1.240000000000E+07	-1.730281E+02	0.000000E+00
1.243750000000E+07	-1.740136E+02	0.000000E+00
1.247500000000E+07	-1.739262E+02	0.000000E+00
1.251250000000E+07	-1.746947E+02	0.000000E+00
1.255000000000E+07	-1.798105E+02	0.000000E+00
1.258750000000E+07	1.733876E+02	0.000000E+00
1.262500000000E+07	1.790336E+02	0.000000E+00
1.266250000000E+07	1.738278E+02	0.000000E+00
1.270000000000E+07	1.706454E+02	0.000000E+00
1.273750000000E+07	1.712163E+02	0.000000E+00
1.277500000000E+07	1.705257E+02	0.000000E+00
1.281250000000E+07	1.652310E+02	0.000000E+00
1.285000000000E+07	1.593202E+02	0.000000E+00
1.288750000000E+07	1.638078E+02	0.000000E+00
1.292500000000E+07	1.593801E+02	0.000000E+00
1.296250000000E+07	1.571676E+02	0.000000E+00
1.300000000000E+07	1.560894E+02	0.000000E+00
1.303750000000E+07	1.549538E+02	0.000000E+00
1.307500000000E+07	1.507578E+02	0.000000E+00
1.311250000000E+07	1.468282E+02	0.000000E+00
1.315000000000E+07	1.496509E+02	0.000000E+00
1.318750000000E+07	1.471308E+02	0.000000E+00
1.322500000000E+07	1.425980E+02	0.000000E+00
1.326250000000E+07	1.413587E+02	0.000000E+00
1.330000000000E+07	1.410614E+02	0.000000E+00
1.333750000000E+07	1.375452E+02	0.000000E+00
1.337500000000E+07	1.336659E+02	0.000000E+00
1.341250000000E+07	1.352470E+02	0.000000E+00
1.345000000000E+07	1.331019E+02	0.000000E+00
1.348750000000E+07	1.292743E+02	0.000000E+00
1.352500000000E+07	1.297617E+02	0.000000E+00
1.356250000000E+07	1.279909E+02	0.000000E+00
1.360000000000E+07	1.246206E+02	0.000000E+00
1.363750000000E+07	1.224962E+02	0.000000E+00
1.367500000000E+07	1.234616E+02	0.000000E+00
1.371250000000E+07	1.221676E+02	0.000000E+00
1.375000000000E+07	1.203661E+02	0.000000E+00
1.378750000000E+07	1.176012E+02	0.000000E+00
1.382500000000E+07	1.176063E+02	0.000000E+00
1.386250000000E+07	1.161887E+02	0.000000E+00
1.390000000000E+07	1.141343E+02	0.000000E+00
1.393750000000E+07	1.138139E+02	0.000000E+00
1.397500000000E+07	1.142332E+02	0.000000E+00
1.401250000000E+07	1.131043E+02	0.000000E+00
1.405000000000E+07	1.100381E+02	0.000000E+00
1.408750000000E+07	1.125735E+02	0.000000E+00
1.412500000000E+07	1.105227E+02	0.000000E+00
1.416250000000E+07	1.133955E+02	0.000000E+00
1.420000000000E+07	1.127757E+02	0.000000E+00
1.423750000000E+07	1.158275E+02	0.000000E+00
1.427500000000E+07	1.180861E+02	0.000000E+00
1.431250000000E+07	1.201780E+02	0.000000E+00
1.435000000000E+07	1.231563E+02	0.000000E+00
1.438750000000E+07	1.255977E+02	0.000000E+00
1.442500000000E+07	1.238797E+02	0.000000E+00
1.446250000000E+07	1.252013E+02	0.000000E+00
1.450000000000E+07	1.258432E+02	0.000000E+00
1.453750000000E+07	1.263483E+02	0.000000E+00
1.457500000000E+07	1.263913E+02	0.000000E+00
1.461250000000E+07	1.274403E+02	0.000000E+00
1.465000000000E+07	1.257272E+02	0.000000E+00
1.468750000000E+07	1.241351E+02	0.000000E+00
1.472500000000E+07	1.204668E+02	0.000000E+00
1.476250000000E+07	1.214491E+02	0.000000E+00
1.480000000000E+07	1.195952E+02	0.000000E+00
1.483750000000E+07	1.168800E+02	0.000000E+00
1.487500000000E+07	1.168963E+02	0.000000E+00
1.491250000000E+07	1.137341E+02	0.000000E+00
1.495000000000E+07	1.118888E+02	0.000000E+00
1.498750000000E+07	1.103006E+02	0.000000E+00
1.502500000000E+07	1.098705E+02	0.000000E+00
1.506250000000E+07	1.077822E+02	0.000000E+00
1.510000000000E+07	1.046993E+02	0.000000E+00
1.513750000000E+07	1.052587E+02	0.000000E+00
1.517500000000E+07	1.027284E+02	0.000000E+00
1.521250000000E+07	1.007535E+02	0.000000E+00
1.525000000000E+07	9.985769E+01	0.000000E+00
1.528750000000E+07	9.873821E+01	0.000000E+00
1.532500000000E+07	9.772314E+01	0.000000E+00
1.536250000000E+07	9.541357E+01	0.000000E+00
1.540000000000E+07	9.461597E+01	0.000000E+00
1.543750000000E+07	9.270323E+01	0.000000E+00
1.547500000000E+07	9.097164E+01	0.000000E+00
1.551250000000E+07	8.891457E+01	0.000000E+00
1.555000000000E+07	8.958199E+01	0.000000E+00
1.558750000000E+07	8.873312E+01	0.000000E+00
1.562500000000E+07	8.702446E+01	0.000000E+00
1.566250000000E+07	8.564059E+01	0.000000E+00
1.570000000000E+07	8.421279E+01	0.000000E+00
1.573750000000E+07	8.330379E+01	0.000000E+00
1.577500000000E+07	8.031766E+01	0.000000E+00
1.581250000000E+07	8.161922E+01	0.000000E+00
1.585000000000E+07	7.980047E+01	0.000000E+00
1.588750000000E+07	7.946386E+01	0.000000E+00
1.592500000000E+07	7.858155E+01	0.000000E+00
1.596250000000E+07	7.685081E+01	0.000000E+00
1.600000000000E+07	7.515064E+01	0.000000E+00
1.603750000000E+07	7.534811E+01	0.000000E+00
1.607500000000E+07	7.353235E+01	0.000000E+00
1.611250000000E+07	7.360275E+01	0.000000E+00
1.615000000000E+07	7.243483E+01	0.000000E+00
1.618750000000E+07	7.137003E+01	0.000000E+00
1.622500000000E+07	7.036203E+01	0.000000E+00
1.626250000000E+07	6.949270E+01	0.000000E+00
1.630000000000E+07	6.739118E+01	0.000000E+00
1.633750000000E+07	6.691344E+01	0.000000E+00
1.637500000000E+07	6.764082E+01	0.000000E+00
1.641250000000E+07	6.442397E+01	0.000000E+00
1.645000000000E+07	6.472495E+01	0.000000E+00
1.648750000000E+07	6.345447E+01	0.000000E+00
1.652500000000E+07	6.202826E+01	0.000000E+00
1.656250000000E+07	6.046025E+01	0.000000E+00
1.660000000000E+07	6.025323E+01	0.000000E+00
1.663750000000E+07	6.016380E+01	0.000000E+00
1.667500000000E+07	5.789025E+01	0.000000E+00
1.671250000000E+07	5.603576E+01	0.000000E+00
1.675000000000E+07	5.684278E+01	0.000000E+00
1.678750000000E+07	5.537701E+01	0.000000E+00
1.682500000000E+07	5.364465E+01	0.000000E+00
1.686250000000E+07	5.387895E+01	0.000000E+00
1.690000000000E+07	5.227715E+01	0.000000E+00
1.693750000000E+07	5.003743E+01	0.000000E+00
1.697500000000E+07	4.829599E+01	0.000000E+00
1.701250000000E+07	4.897126E+01	0.000000E+00
1.705000000000E+07	4.770889E+01	0.000000E+00
1.708750000000E+07	4.369425E+01	0.000000E+00
1.712500000000E+07	4.396781E+01	0.000000E+00
1.716250000000E+07	4.380883E+01	0.000000E+00
1.720000000000E+07	4.076229E+01	0.000000E+00
1.723750000000E+07	3.737717E+01	0.000000E+00
1.727500000000E+07	3.895980E+01	0.000000E+00
1.731250000000E+07	3.662729E+01	0.000000E+00
1.735000000000E+07	3.351253E+01	0.000000E+00
1.738750000000E+07	3.286268E+01	0.000000E+00
1.742500000000E+07	3.330671E+01	0.000000E+00
1.746250000000E+07	3.091516E+01	0.000000E+00
1.750000000000E+07	2.718364E+01	0.000000E+00
1.753750000000E+07	2.860851E+01	0.000000E+00
1.757500000000E+07	2.687225E+01	0.000000E+00
1.761250000000E+07	2.486389E+01	0.000000E+00
1.765000000000E+07	2.396220E+01	0.000000E+00
1.768750000000E+07	2.265913E+01	0.000000E+00
1.772500000000E+07	2.048471E+01	0.000000E+00
1.776250000000E+07	1.831172E+01	0.000000E+00
1.780000000000E+07	1.950189E+01	0.000000E+00
1.783750000000E+07	1.927930E+01	0.000000E+00
1.787500000000E+07	1.686838E+01	0.000000E+00
1.791250000000E+07	1.504440E+01	0.000000E+00
1.795000000000E+07	1.628791E+01	0.000000E+00
1.798750000000E+07	1.495526E+01	0.000000E+00
1.802500000000E+07	1.240520E+01	0.000000E+00
1.806250000000E+07	1.253781E+01	0.000000E+00
1.810000000000E+07	1.245936E+01	0.000000E+00
1.813750000000E+07	1.071990E+01	0.000000E+00
1.817500000000E+07	9.730598E+00	0.000000E+00
1.821250000000E+07	1.164761E+01	0.000000E+00
1.825000000000E+07	9.542852E+00	0.000000E+00
1.828750000000E+07	1.206047E+01	0.000000E+00
1.832500000000E+07	1.028717E+01	0.000000E+00
1.836250000000E+07	9.964688E+00	0.000000E+00
1.840000000000E+07	8.358515E+00	0.000000E+00
1.843750000000E+07	7.774734E+00	0.000000E+00
1.847500000000E+07	9.049330E+00	0.000000E+00
1.851250000000E+07	7.429755E+00	0.000000E+00
1.855000000000E+07	6.732242E+00	0.000000E+00
1.858750000000E+07	7.900280E+00	0.000000E+00
1.862500000000E+07	6.304314E+00	0.000000E+00
1.866250000000E+07	5.443650E+00	0.000000E+00
1.870000000000E+07	3.587446E+00	0.000000E+00
1.873750000000E+07	5.953733E+00	0.000000E+00
1.877500000000E+07	5.823054E+00	0.000000E+00
1.881250000000E+07	6.055246E+00	0.000000E+00
1.885000000000E+07	5.668927E+00	0.000000E+00
1.888750000000E+07	5.491480E+00	0.000000E+00
1.892500000000E+07	3.124859E+00	0.000000E+00
1.896250000000E+07	3.687626E+00	0.000000E+00
1.900000000000E+07	3.144829E+00	0.000000E+00
1.903750000000E+07	2.222051E+00	0.000000E+00
1.907500000000E+07	1.712680E+00	0.000000E+00
1.911250000000E+07	2.976609E+00	0.000000E+00
1.915000000000E+07	1.718358E+00	0.000000E+00
1.918750000000E+07	1.475072E+00	0.000000E+00
1.922500000000E+07	7.481125E-01	0.000000E+00
1.926250000000E+07	-6.725157E-01	0.000000E+00
1.930000000000E+07	6.557305E-01	0.000000E+00
1.933750000000E+07	-1.669030E+00	0.000000E+00
1.937500000000E+07	-3.920630E+00	0.000000E+00
1.941250000000E+07	-3.017614E+00	0.000000E+00
1.945000000000E+07	-5.496002E+00	0.000000E+00
1.948750000000E+07	-6.433647E+00	0.000000E+00
1.952500000000E+07	-4.651549E+00	0.000000E+00
1.956250000000E+07	-6.882753E+00	0.000000E+00
1.960000000000E+07	-8.378425E+00	0.000000E+00
1.963750000000E+07	-1.230250E+01	0.000000E+00
1.967500000000E+07	-9.684496E+00	0.000000E+00
1.971250000000E+07	-1.341114E+01	0.000000E+00
1.975000000000E+07	-1.150556E+01	0.000000E+00
1.978750000000E+07	-1.175495E+01	0.000000E+00
1.982500000000E+07	-1.455091E+01	0.000000E+00
1.986250000000E+07	-1.627774E+01	0.000000E+00
1.990000000000E+07	-1.810343E+01	0.000000E+00
1.993750000000E+07	-1.634697E+01	0.000000E+00
1.997500000000E+07	-1.897942E+01	0.000000E+00
2.001250000000E+07	-1.652517E+01	0.000000E+00
2.005000000000E+07	-1.731664E+01	0.000000E+00
2.008750000000E+07	-2.001954E+01	0.000000E+00
2.012500000000E+07	-2.147786E+01	0.000000E+00
2.016250000000E+07	-2.071451E+01	0.000000E+00
2.020000000000E+07	-2.164098E+01	0.000000E+00
2.023750000000E+07	-2.287813E+01	0.000000E+00
2.027500000000E+07	-2.035161E+01	0.000000E+00
2.031250000000E+07	-2.086881E+01	0.000000E+00
2.035000000000E+07	-2.348132E+01	0.000000E+00
2.038750000000E+07	-2.316881E+01	0.000000E+00
2.042500000000E+07	-1.741919E+01	0.000000E+00
2.046250000000E+07	-2.379910E+01	0.000000E+00
2.050000000000E+07	-2.163206E+01	0.000000E+00
2.053750000000E+07	-1.818024E+01	0.000000E+00
2.057500000000E+07	-1.773512E+01	0.000000E+00
2.061250000000E+07	-2.125755E+01	0.000000E+00
2.065000000000E+07	-1.766699E+01	0.000000E+00
2.068750000000E+07	-1.173359E+01	0.000000E+00
2.072500000000E+07	-2.084057E+01	0.000000E+00
2.076250000000E+07	-2.015158E+01	0.000000E+00
2.080000000000E+07	-1.268038E+01	0.000000E+00
2.083750000000E+07	-3.081481E+00	0.000000E+00
2.087500000000E+07	-2.031831E+01	0.000000E+00
2.091250000000E+07	-1.323708E+01	0.000000E+00
2.095000000000E+07	-3.718147E+00	0.000000E+00
2.098750000000E+07	-2.159409E+01	0.000000E+00
2.102500000000E+07	-2.146136E+01	0.000000E+00
2.106250000000E+07	-6.812456E+00	0.000000E+00
2.110000000000E+07	2.147438E+01	0.000000E+00
2.113750000000E+07	-2.252748E+01	0.000000E+00
2.117500000000E+07	-5.358069E+00	0.000000E+00
2.121250000000E+07	8.723685E+00	0.000000E+00
2.125000000000E+07	-1.418801E+01	0.000000E+00
2.128750000000E+07	-1.852456E+01	0.000000E+00
2.132500000000E+07	3.497288E+00	0.000000E+00
2.136250000000E+07	3.248701E+01	0.000000E+00
2.140000000000E+07	-1.604716E+01	0.000000E+00
2.143750000000E+07	4.732577E+00	0.000000E+00
2.147500000000E+07	1.792308E+01	0.000000E+00
2.151250000000E+07	6.849739E+00	0.000000E+00
2.155000000000E+07	-4.671889E+00	0.000000E+00
2.158750000000E+07	1.569745E+01	0.000000E+00
2.162500000000E+07	2.605229E+01	0.000000E+00
2.166250000000E+07	-5.431927E+00	0.000000E+00
2.170000000000E+07	6.953302E+00	0.000000E+00
2.173750000000E+07	1.728889E+01	0.000000E+00
2.177500000000E+07	1.630938E+01	0.000000E+00
2.181250000000E+07	7.749548E+00	0.000000E+00
2.185000000000E+07	1.813099E+01	0.000000E+00
2.188750000000E+07	1.701566E+01	0.000000E+00
2.192500000000E+07	7.002663E+00	0.000000E+00
2.196250000000E+07	9.938282E+00	0.000000E+00
2.200000000000E+07	1.341322E+01	0.000000E+00
2.203750000000E+07	1.175155E+01	0.000000E+00
2.207500000000E+07	1.049678E+01	0.000000E+00
2.211250000000E+07	1.196917E+01	0.000000E+00
2.215000000000E+07	7.031990E+00	0.000000E+00
2.218750000000E+07	1.138494E+01	0.000000E+00
2.222500000000E+07	5.616413E+00	0.000000E+00
2.226250000000E+07	6.535139E+00	0.000000E+00
2.230000000000E+07	7.169260E-01	0.000000E+00
2.233750000000E+07	5.402395E+00	0.000000E+00
2.237500000000E+07	3.479239E+00	0.000000E+00
2.241250000000E+07	-3.917987E+00	0.000000E+00
2.245000000000E+07	1.705975E+00	0.000000E+00
2.248750000000E+07	1.417103E+00	0.000000E+00
2.252500000000E+07	-7.331873E-01	0.000000E+00
2.256250000000E+07	-7.706664E+00	0.000000E+00
2.260000000000E+07	-3.177731E-01	0.000000E+00
2.263750000000E+07	-5.588126E+00	0.000000E+00
2.267500000000E+07	-1.256055E+01	0.000000E+00
2.271250000000E+07	-1.155250E+01	0.000000E+00
2.275000000000E+07	-5.611929E+00	0.000000E+00
2.278750000000E+07	-9.695466E+00	0.000000E+00
2.282500000000E+07	-1.809191E+01	0.000000E+00
2.286250000000E+07	-9.303439E+00	0.000000E+00
2.290000000000E+07	-1.441198E+01	0.000000E+00
2.293750000000E+07	-2.116263E+01	0.000000E+00
2.297500000000E+07	-2.135633E+01	0.000000E+00
2.301250000000E+07	-1.483659E+01	0.000000E+00
2.305000000000E+07	-2.080037E+01	0.000000E+00
2.308750000000E+07	-2.895181E+01	0.000000E+00
2.312500000000E+07	-1.811162E+01	0.000000E+00
2.316250000000E+07	-2.252881E+01	0.000000E+00
2.320000000000E+07	-3.017743E+01	0.000000E+00
2.323750000000E+07	-3.102992E+01	0.000000E+00
2.327500000000E+07	-2.382781E+01	0.000000E+00
2.331250000000E+07	-3.205960E+01	0.000000E+00
2.335000000000E+07	-3.912910E+01	0.000000E+00
2.338750000000E+07	-2.916770E+01	0.000000E+00
2.342500000000E+07	-3.217452E+01	0.000000E+00
2.346250000000E+07	-4.136129E+01	0.000000E+00
2.350000000000E+07	-4.409032E+01	0.000000E+00
2.353750000000E+07	-3.644706E+01	0.000000E+00
2.357500000000E+07	-4.516930E+01	0.000000E+00
2.361250000000E+07	-5.113074E+01	0.000000E+00
2.365000000000E+07	-4.444101E+01	0.000000E+00
2.368750000000E+07	-4.533253E+01	0.000000E+00
2.372500000000E+07	-5.464672E+01	0.000000E+00
2.376250000000E+07	-6.108605E+01	0.000000E+00
2.380000000000E+07	-5.193213E+01	0.000000E+00
2.383750000000E+07	-5.986858E+01	0.000000E+00
2.387500000000E+07	-6.475562E+01	0.000000E+00
2.391250000000E+07	-6.100857E+01	0.000000E+00
2.395000000000E+07	-6.060144E+01	0.000000E+00
2.398750000000E+07	-6.841680E+01	0.000000E+00
2.402500000000E+07	-7.593916E+01	0.000000E+00
2.406250000000E+07	-6.813884E+01	0.000000E+00
2.410000000000E+07	-7.399802E+01	0.000000E+00
2.413750000000E+07	-7.872205E+01	0.000000E+00
2.417500000000E+07	-7.855596E+01	0.000000E+00
2.421250000000E+07	-7.656033E+01	0.000000E+00
2.425000000000E+07	-8.280727E+01	0.000000E+00
2.428750000000E+07	-8.422720E+01	0.000000E+00
2.432500000000E+07	-8.900327E+01	0.000000E+00
2.436250000000E+07	-8.600092E+01	0.000000E+00
2.440000000000E+07	-8.646974E+01	0.000000E+00
2.443750000000E+07	-9.232166E+01	0.000000E+00
2.447500000000E+07	-9.741358E+01	0.000000E+00
2.451250000000E+07	-9.179366E+01	0.000000E+00
2.455000000000E+07	-9.642690E+01	0.000000E+00
2.458750000000E+07	-1.010363E+02	0.000000E+00
2.462500000000E+07	-1.000885E+02	0.000000E+00
2.466250000000E+07	-9.890022E+01	0.000000E+00
2.470000000000E+07	-1.040386E+02	0.000000E+00
2.473750000000E+07	-1.095016E+02	0.000000E+00
2.477500000000E+07	-1.042168E+02	0.000000E+00
2.481250000000E+07	-1.073875E+02	0.000000E+00
2.485000000000E+07	-1.122783E+02	0.000000E+00
2.488750000000E+07	-1.123574E+02	0.000000E+00
2.492500000000E+07	-1.092259E+02	0.000000E+00
2.496250000000E+07	-1.133395E+02	0.000000E+00
2.500000000000E+07	-1.188767E+02	0.000000E+00
2.503750000000E+07	-1.128907E+02	0.000000E+00
2.507500000000E+07	-1.143976E+02	0.000000E+00
2.511250000000E+07	-1.193332E+02	0.000000E+00
2.515000000000E+07	-1.195136E+02	0.000000E+00
2.518750000000E+07	-1.152524E+02	0.000000E+00
2.522500000000E+07	-1.185174E+02	0.000000E+00
2.526250000000E+07	-1.229050E+02	0.000000E+00
2.530000000000E+07	-1.157809E+02	0.000000E+00
2.533750000000E+07	-1.173549E+02	0.000000E+00
2.537500000000E+07	-1.217448E+02	0.000000E+00
2.541250000000E+07	-1.227932E+02	0.000000E+00
2.545000000000E+07	-1.167785E+02	0.000000E+00
2.548750000000E+07	-1.195079E+02	0.000000E+00
2.552500000000E+07	-1.236577E+02	0.000000E+00
2.556250000000E+07	-1.152073E+02	0.000000E+00
2.560000000000E+07	-1.166368E+02	0.000000E+00
2.563750000000E+07	-1.190132E+02	0.000000E+00
2.567500000000E+07	-1.223062E+02	0.000000E+00
2.571250000000E+07	-1.144254E+02	0.000000E+00
2.575000000000E+07	-1.167142E+02	0.000000E+00
2.578750000000E+07	-1.208404E+02	0.000000E+00
2.582500000000E+07	-1.141389E+02	0.000000E+00
2.586250000000E+07	-1.134276E+02	0.000000E+00
2.590000000000E+07	-1.155775E+02	0.000000E+00
2.593750000000E+07	-1.207043E+02	0.000000E+00
2.597500000000E+07	-1.125055E+02	0.000000E+00
2.601250000000E+07	-1.144471E+02	0.000000E+00
2.605000000000E+07	-1.185125E+02	0.000000E+00
2.608750000000E+07	-1.150059E+02	0.000000E+00
2.612500000000E+07	-1.115250E+02	0.000000E+00
2.616250000000E+07	-1.133658E+02	0.000000E+00
2.620000000000E+07	-1.193237E+02	0.000000E+00
2.623750000000E+07	-1.124866E+02	0.000000E+00
2.627500000000E+07	-1.133809E+02	0.000000E+00
2.631250000000E+07	-1.172623E+02	0.000000E+00
2.635000000000E+07	-1.161722E+02	0.000000E+00
2.638750000000E+07	-1.117794E+02	0.000000E+00
2.642500000000E+07	-1.140702E+02	0.000000E+00
2.646250000000E+07	-1.193455E+02	0.000000E+00
2.650000000000E+07	-1.139683E+02	0.000000E+00
2.653750000000E+07	-1.149958E+02	0.000000E+00
2.657500000000E+07	-1.188145E+02	0.000000E+00
2.661250000000E+07	-1.197981E+02	0.000000E+00
2.665000000000E+07	-1.163775E+02	0.000000E+00
2.668750000000E+07	-1.188479E+02	0.000000E+00
2.672500000000E+07	-1.233839E+02	0.000000E+00
2.676250000000E+07	-1.198310E+02	0.000000E+00
2.680000000000E+07	-1.206894E+02	0.000000E+00
2.683750000000E+07	-1.238210E+02	0.000000E+00
2.687500000000E+07	-1.265018E+02	0.000000E+00
2.691250000000E+07	-1.234867E+02	0.000000E+00
2.695000000000E+07	-1.253644E+02	0.000000E+00
2.698750000000E+07	-1.294930E+02	0.000000E+00
2.702500000000E+07	-1.269608E+02	0.000000E+00
2.706250000000E+07	-1.269464E+02	0.000000E+00
2.710000000000E+07	-1.289213E+02	0.000000E+00
2.713750000000E+07	-1.326283E+02	0.000000E+00
2.717500000000E+07	-1.288949E+02	0.000000E+00
2.721250000000E+07	-1.298886E+02	0.000000E+00
2.725000000000E+07	-1.334736E+02	0.000000E+00
2.728750000000E+07	-1.314793E+02	0.000000E+00
2.732500000000E+07	-1.311700E+02	0.000000E+00
2.736250000000E+07	-1.324296E+02	0.000000E+00
2.740000000000E+07	-1.362766E+02	0.000000E+00
2.743750000000E+07	-1.333480E+02	0.000000E+00
2.747500000000E+07	-1.338234E+02	0.000000E+00
2.751250000000E+07	-1.355172E+02	0.000000E+00
2.755000000000E+07	-1.350681E+02	0.000000E+00
2.758750000000E+07	-1.346601E+02	0.000000E+00
2.762500000000E+07	-1.348007E+02	0.000000E+00
2.766250000000E+07	-1.375765E+02	0.000000E+00
2.770000000000E+07	-1.362804E+02	0.000000E+00
2.773750000000E+07	-1.358540E+02	0.000000E+00
2.777500000000E+07	-1.366078E+02	0.000000E+00
2.781250000000E+07	-1.371909E+02	0.000000E+00
2.785000000000E+07	-1.380110E+02	0.000000E+00
2.788750000000E+07	-1.375874E+02	0.000000E+00
2.792500000000E+07	-1.382601E+02	0.000000E+00
2.796250000000E+07	-1.401687E+02	0.000000E+00
2.800000000000E+07	-1.392744E+02	0.000000E+00
2.803750000000E+07	-1.379619E+02	0.000000E+00
2.807500000000E+07	-1.383368E+02	0.000000E+00
2.811250000000E+07	-1.415662E+02	0.000000E+00
2.815000000000E+07	-1.401777E+02	0.000000E+00
2.818750000000E+07	-1.381610E+02	0.000000E+00
2.822500000000E+07	-1.438351E+02	0.000000E+00
2.826250000000E+07	-1.432676E+02	0.000000E+00
2.830000000000E+07	-1.417427E+02	0.000000E+00
2.833750000000E+07	-1.384035E+02	0.000000E+00
2.837500000000E+07	-1.456756E+02	0.000000E+00
2.841250000000E+07	-1.439016E+02	0.000000E+00
2.845000000000E+07	-1.387398E+02	0.000000E+00
2.848750000000E+07	-1.479082E+02	0.000000E+00
2.852500000000E+07	-1.476855E+02	0.000000E+00
2.856250000000E+07	-1.459607E+02	0.000000E+00
2.860000000000E+07	-1.371331E+02	0.000000E+00
2.863750000000E+07	-1.491485E+02	0.000000E+00
2.867500000000E+07	-1.480002E+02	0.000000E+00
2.871250000000E+07	-1.390164E+02	0.000000E+00
2.875000000000E+07	-1.482394E+02	0.000000E+00
2.878750000000E+07	-1.521743E+02	0.000000E+00
2.882500000000E+07	-1.511154E+02	0.000000E+00
2.886250000000E+07	-1.389450E+02	0.000000E+00
2.890000000000E+07	-1.554013E+02	0.000000E+00
2.893750000000E+07	-1.555457E+02	0.000000E+00
2.897500000000E+07	-1.469366E+02	0.000000E+00
2.901250000000E+07	-1.516876E+02	0.000000E+00
2.905000000000E+07	-1.632226E+02	0.000000E+00
2.908750000000E+07	-1.642004E+02	0.000000E+00
2.912500000000E+07	-1.547736E+02	0.000000E+00
2.916250000000E+07	-1.703413E+02	0.000000E+00
2.920000000000E+07	-1.716917E+02	0.000000E+00
2.923750000000E+07	-1.657027E+02	0.000000E+00
2.927500000000E+07	-1.692090E+02	0.000000E+00
2.931250000000E+07	-1.799137E+02	0.000000E+00
2.935000000000E+07	1.792492E+02	0.000000E+00
2.938750000000E+07	-1.748521E+02	0.000000E+00
2.942500000000E+07	1.741364E+02	0.000000E+00
2.946250000000E+07	1.725449E+02	0.000000E+00
2.950000000000E+07	1.766885E+02	0.000000E+00
2.953750000000E+07	1.748585E+02	0.000000E+00
2.957500000000E+07	1.672995E+02	0.000000E+00
2.961250000000E+07	1.670453E+02	0.000000E+00
2.965000000000E+07	1.695547E+02	0.000000E+00
2.968750000000E+07	1.647908E+02	0.000000E+00
2.972500000000E+07	1.617134E+02	0.000000E+00
2.976250000000E+07	1.638920E+02	0.000000E+00
2.980000000000E+07	1.626516E+02	0.000000E+00
2.983750000000E+07	1.580155E+02	0.000000E+00
2.987500000000E+07	1.585146E+02	0.000000E+00
2.991250000000E+07	1.580284E+02	0.000000E+00
2.995000000000E+07	1.576248E+02	0.000000E+00
2.998750000000E+07	1.529028E+02	0.000000E+00
3.002500000000E+07	1.535775E+02	0.000000E+00
3.006250000000E+07	1.516512E+02	0.000000E+00
3.010000000000E+07	1.486760E+02	0.000000E+00
3.013750000000E+07	1.471669E+02	0.000000E+00
3.017500000000E+07	1.450925E+02	0.000000E+00
3.021250000000E+07	1.446289E+02	0.000000E+00
3.025000000000E+07	1.415001E+02	0.000000E+00
3.028750000000E+07	1.403866E+02	0.000000E+00
3.032500000000E+07	1.371849E+02	0.000000E+00
3.036250000000E+07	1.358186E+02	0.000000E+00
3.040000000000E+07	1.333455E+02	0.000000E+00
3.043750000000E+07	1.296501E+02	0.000000E+00
3.047500000000E+07	1.279407E+02	0.000000E+00
3.051250000000E+07	1.270392E+02	0.000000E+00
3.055000000000E+07	1.248628E+02	0.000000E+00
3.058750000000E+07	1.207683E+02	0.000000E+00
3.062500000000E+07	1.204820E+02	0.000000E+00
3.066250000000E+07	1.176208E+02	0.000000E+00
3.070000000000E+07	1.136191E+02	0.000000E+00
3.073750000000E+07	1.113159E+02	0.000000E+00
3.077500000000E+07	1.107099E+02	0.000000E+00
3.081250000000E+07	1.082025E+02	0.000000E+00
3.085000000000E+07	1.044820E+02	0.000000E+00
3.088750000000E+07	1.041556E+02	0.000000E+00
3.092500000000E+07	1.014798E+02	0.000000E+00
3.096250000000E+07	9.822494E+01	0.000000E+00
3.100000000000E+07	9.539399E+01	0.000000E+00
3.103750000000E+07	9.526472E+01	0.000000E+00
3.107500000000E+07	9.382540E+01	0.000000E+00
3.111250000000E+07	9.005974E+01	0.000000E+00
3.115000000000E+07	8.951056E+01	0.000000E+00
3.118750000000E+07	8.737885E+01	0.000000E+00
3.122500000000E+07	8.505317E+01	0.000000E+00
3.126250000000E+07	8.232711E+01	0.000000E+00
3.130000000000E+07	8.196568E+01	0.000000E+00
3.133750000000E+07	7.977583E+01	0.000000E+00
3.137500000000E+07	7.739310E+01	0.000000E+00
3.141250000000E+07	7.656365E+01	0.000000E+00
3.145000000000E+07	7.506386E+01	0.000000E+00
3.148750000000E+07	7.322219E+01	0.000000E+00
3.152500000000E+07	7.088866E+01	0.000000E+00
3.156250000000E+07	7.070872E+01	0.000000E+00
3.160000000000E+07	6.902927E+01	0.000000E+00
3.163750000000E+07	6.720026E+01	0.000000E+00
3.167500000000E+07	6.631340E+01	0.000000E+00
3.171250000000E+07	6.539469E+01	0.000000E+00
3.175000000000E+07	6.398813E+01	0.000000E+00
3.178750000000E+07	6.204992E+01	0.000000E+00
3.182500000000E+07	6.197255E+01	0.000000E+00
3.186250000000E+07	6.085197E+01	0.000000E+00
3.190000000000E+07	5.947206E+01	0.000000E+00
3.193750000000E+07	5.862349E+01	0.000000E+00
3.197500000000E+07	5.808999E+01	0.000000E+00
3.201250000000E+07	5.692019E+01	0.000000E+00
3.205000000000E+07	5.520931E+01	0.000000E+00
3.208750000000E+07	5.505867E+01	0.000000E+00
3.212500000000E+07	5.441854E+01	0.000000E+00
3.216250000000E+07	5.320762E+01	0.000000E+00
3.220000000000E+07	5.197905E+01	0.000000E+00
3.223750000000E+07	5.183109E+01	0.000000E+00
3.227500000000E+07	5.140555E+01	0.000000E+00
3.231250000000E+07	4.949844E+01	0.000000E+00
3.235000000000E+07	4.915284E+01	0.000000E+00
3.238750000000E+07	4.867344E+01	0.000000E+00
3.242500000000E+07	4.766738E+01	0.000000E+00
3.246250000000E+07	4.641668E+01	0.000000E+00
3.250000000000E+07	4.598907E+01	0.000000E+00
3.253750000000E+07	4.464651E+01	0.000000E+00
3.257500000000E+07	4.296246E+01	0.000000E+00
3.261250000000E+07	4.246907E+01	0.000000E+00
3.265000000000E+07	4.191942E+01	0.000000E+00
3.268750000000E+07	4.088824E+01	0.000000E+00
3.272500000000E+07	3.953992E+01	0.000000E+00
3.276250000000E+07	3.913160E+01	0.000000E+00
3.280000000000E+07	3.776873E+01	0.000000E+00
3.283750000000E+07	3.586623E+01	0.000000E+00
3.287500000000E+07	3.561514E+01	0.000000E+00
3.291250000000E+07	3.516557E+01	0.000000E+00
3.295000000000E+07	3.432831E+01	0.000000E+00
3.298750000000E+07	3.268329E+01	0.000000E+00
3.302500000000E+07	3.248943E+01	0.000000E+00
3.306250000000E+07	3.144379E+01	0.000000E+00
3.310000000000E+07	2.939914E+01	0.000000E+00
3.313750000000E+07	2.866508E+01	0.000000E+00
3.317500000000E+07	2.856880E+01	0.000000E+00
3.321250000000E+07	2.767462E+01	0.000000E+00
3.325000000000E+07	2.604207E+01	0.000000E+00
3.328750000000E+07	2.597229E+01	0.000000E+00
3.332500000000E+07	2.507529E+01	0.000000E+00
3.336250000000E+07	2.274407E+01	0.000000E+00
3.340000000000E+07	2.211123E+01	0.000000E+00
3.343750000000E+07	2.263956E+01	0.000000E+00
3.347500000000E+07	2.240222E+01	0.000000E+00
3.351250000000E+07	2.055105E+01	0.000000E+00
3.355000000000E+07	2.041552E+01	0.000000E+00
3.358750000000E+07	1.999941E+01	0.000000E+00
3.362500000000E+07	1.753815E+01	0.000000E+00
3.366250000000E+07	1.658177E+01	0.000000E+00
3.370000000000E+07	1.769459E+01	0.000000E+00
3.373750000000E+07	1.676952E+01	0.000000E+00
3.377500000000E+07	1.498978E+01	0.000000E+00
3.381250000000E+07	1.470436E+01	0.000000E+00
3.385000000000E+07	1.490416E+01	0.000000E+00
3.388750000000E+07	1.249570E+01	0.000000E+00
3.392500000000E+07	1.161518E+01	0.000000E+00
3.396250000000E+07	1.288031E+01	0.000000E+00
3.400000000000E+07	1.203192E+01	0.000000E+00
3.403750000000E+07	1.046524E+01	0.000000E+00
3.407500000000E+07	9.410804E+00	0.000000E+00
3.411250000000E+07	1.078419E+01	0.000000E+00
3.415000000000E+07	8.160112E+00	0.000000E+00
3.418750000000E+07	7.599630E+00	0.000000E+00
3.422500000000E+07	8.602268E+00	0.000000E+00
3.426250000000E+07	8.125076E+00	0.000000E+00
3.430000000000E+07	6.780817E+00	0.000000E+00
3.433750000000E+07	5.185595E+00	0.000000E+00
3.437500000000E+07	6.810323E+00	0.000000E+00
3.441250000000E+07	4.553217E+00	0.000000E+00
3.445000000000E+07	4.415575E+00	0.000000E+00
3.448750000000E+07	4.458612E+00	0.000000E+00
3.452500000000E+07	4.438817E+00	0.000000E+00
3.456250000000E+07	3.869293E+00	0.000000E+00
3.460000000000E+07	3.253172E+00	0.000000E+00
3.463750000000E+07	3.422777E+00	0.000000E+00
3.467500000000E+07	1.473162E+00	0.000000E+00
3.471250000000E+07	2.755156E+00	0.000000E+00
3.475000000000E+07	7.953883E-01	0.000000E+00
3.478750000000E+07	1.466397E+00	0.000000E+00
3.482500000000E+07	2.483583E+00	0.000000E+00
3.486250000000E+07	2.188833E+00	0.000000E+00
3.490000000000E+07	6.536049E-02	0.000000E+00
3.493750000000E+07	-1.536242E+00	0.000000E+00
3.497500000000E+07	1.837460E+00	0.000000E+00
3.501250000000E+07	-2.701527E+00	0.000000E+00
3.505000000000E+07	-1.405311E+00	0.000000E+00
3.508750000000E+07	2.274068E+00	0.000000E+00
3.512500000000E+07	2.443520E+00	0.000000E+00
3.516250000000E+07	-2.923962E+00	0.000000E+00
3.520000000000E+07	-3.797256E+00	0.000000E+00
3.523750000000E+07	2.949684E+00	0.000000E+00
3.527500000000E+07	-4.774967E+00	0.000000E+00
3.531250000000E+07	-3.906649E+00	0.000000E+00
3.535000000000E+07	5.635718E-01	0.000000E+00
3.538750000000E+07	4.353247E+00	0.000000E+00
3.542500000000E+07	-5.529452E+00	0.000000E+00
3.546250000000E+07	-5.478054E+00	0.000000E+00
3.550000000000E+07	5.597234E+00	0.000000E+00
3.553750000000E+07	-3.827598E+00	0.000000E+00
3.557500000000E+07	-6.344973E+00	0.000000E+00
3.561250000000E+07	-2.724041E+00	0.000000E+00
3.565000000000E+07	7.715436E+00	0.000000E+00
3.568750000000E+07	-7.362794E+00	0.000000E+00
3.572500000000E+07	-7.350914E+00	0.000000E+00
3.576250000000E+07	9.568793E+00	0.000000E+00
3.580000000000E+07	3.171370E+00	0.000000E+00
3.583750000000E+07	-7.862102E+00	0.000000E+00
3.587500000000E+07	-3.053495E+00	0.000000E+00
3.591250000000E+07	1.296720E+01	0.000000E+00
3.595000000000E+07	-6.521045E+00	0.000000E+00
3.598750000000E+07	-7.056636E+00	0.000000E+00
3.602500000000E+07	1.593324E+01	0.000000E+00
3.606250000000E+07	1.527781E+01	0.000000E+00
3.610000000000E+07	-7.482075E+00	0.000000E+00
3.613750000000E+07	-1.278110E+00	0.000000E+00
3.617500000000E+07	1.866038E+01	0.000000E+00
3.621250000000E+07	-1.690276E+00	0.000000E+00
3.625000000000E+07	-5.208232E+00	0.000000E+00
3.628750000000E+07	2.194770E+01	0.000000E+00
3.632500000000E+07	2.240563E+01	0.000000E+00
3.636250000000E+07	-3.406659E+00	0.000000E+00
3.640000000000E+07	4.218996E+00	0.000000E+00
3.643750000000E+07	2.249445E+01	0.000000E+00
3.647500000000E+07	9.667620E+00	0.000000E+00
3.651250000000E+07	3.471920E-01	0.000000E+00
3.655000000000E+07	2.567341E+01	0.000000E+00
3.658750000000E+07	2.605231E+01	0.000000E+00
3.662500000000E+07	6.020774E+00	0.000000E+00
3.666250000000E+07	1.292205E+01	0.000000E+00
3.670000000000E+07	2.382855E+01	0.000000E+00
3.673750000000E+07	2.382819E+01	0.000000E+00
3.677500000000E+07	1.013643E+01	0.000000E+00
3.681250000000E+07	2.847401E+01	0.000000E+00
3.685000000000E+07	2.619889E+01	0.000000E+00
3.688750000000E+07	1.908169E+01	0.000000E+00
3.692500000000E+07	2.233962E+01	0.000000E+00
3.696250000000E+07	2.221326E+01	0.000000E+00
3.700000000000E+07	2.994053E+01	0.000000E+00
3.703750000000E+07	2.414628E+01	0.000000E+00
3.707500000000E+07	3.215742E+01	0.000000E+00
3.711250000000E+07	2.320290E+01	0.000000E+00
3.715000000000E+07	3.005772E+01	0.000000E+00
3.718750000000E+07	2.966034E+01	0.000000E+00
3.722500000000E+07	1.900874E+01	0.000000E+00
3.726250000000E+07	2.400495E+01	0.000000E+00
3.730000000000E+07	3.017951E+01	0.000000E+00
3.733750000000E+07	3.237233E+01	0.000000E+00
3.737500000000E+07	1.682953E+01	0.000000E+00
3.741250000000E+07	3.329668E+01	0.000000E+00
3.745000000000E+07	3.190248E+01	0.000000E+00
3.748750000000E+07	1.308295E+01	0.000000E+00
3.752500000000E+07	1.346701E+01	0.000000E+00
3.756250000000E+07	3.203414E+01	0.000000E+00
3.760000000000E+07	2.957056E+01	0.000000E+00
3.763750000000E+07	9.059477E+00	0.000000E+00
3.767500000000E+07	2.911581E+01	0.000000E+00
3.771250000000E+07	2.977373E+01	0.000000E+00
3.775000000000E+07	6.046161E+00	0.000000E+00
3.778750000000E+07	5.715220E+00	0.000000E+00
3.782500000000E+07	2.843674E+01	0.000000E+00
3.786250000000E+07	2.392617E+01	0.000000E+00
3.790000000000E+07	1.303090E+00	0.000000E+00
3.793750000000E+07	1.958499E+01	0.000000E+00
3.797500000000E+07	2.462180E+01	0.000000E+00
3.801250000000E+07	4.700815E-02	0.000000E+00
3.805000000000E+07	-2.399740E+00	0.000000E+00
3.808750000000E+07	1.966140E+01	0.000000E+00
3.812500000000E+07	1.518978E+01	0.000000E+00
3.816250000000E+07	-6.908709E+00	0.000000E+00
3.820000000000E+07	6.495500E+00	0.000000E+00
3.823750000000E+07	1.628507E+01	0.000000E+00
3.827500000000E+07	-2.687150E+00	0.000000E+00
3.831250000000E+07	-1.049232E+01	0.000000E+00
3.835000000000E+07	8.424404E+00	0.000000E+00
3.838750000000E+07	5.318288E+00	0.000000E+00
3.842500000000E+07	-1.455865E+01	0.000000E+00
3.846250000000E+07	-7.431196E+00	0.000000E+00
3.850000000000E+07	4.220644E+00	0.000000E+00
3.853750000000E+07	-9.149537E+00	0.000000E+00
3.857500000000E+07	-1.921099E+01	0.000000E+00
3.861250000000E+07	-4.537777E+00	0.000000E+00
3.865000000000E+07	-5.740407E+00	0.000000E+00
3.868750000000E+07	-2.228967E+01	0.000000E+00
3.872500000000E+07	-2.037617E+01	0.000000E+00
3.876250000000E+07	-8.168274E+00	0.000000E+00
3.880000000000E+07	-1.738351E+01	0.000000E+00
3.883750000000E+07	-2.683200E+01	0.000000E+00
3.887500000000E+07	-1.700905E+01	0.000000E+00
3.891250000000E+07	-1.656168E+01	0.000000E+00
3.895000000000E+07	-2.947395E+01	0.000000E+00
3.898750000000E+07	-2.978889E+01	0.000000E+00
3.902500000000E+07	-2.011228E+01	0.000000E+00
3.906250000000E+07	-2.603719E+01	0.000000E+00
3.910000000000E+07	-3.323716E+01	0.000000E+00
3.913750000000E+07	-2.835162E+01	0.000000E+00
3.917500000000E+07	-2.683235E+01	0.000000E+00
3.921250000000E+07	-3.613110E+01	0.000000E+00
3.925000000000E+07	-3.681242E+01	0.000000E+00
3.928750000000E+07	-3.139782E+01	0.000000E+00
3.932500000000E+07	-3.511923E+01	0.000000E+00
3.936250000000E+07	-3.898683E+01	0.000000E+00
3.940000000000E+07	-3.816385E+01	0.000000E+00
3.943750000000E+07	-3.606376E+01	0.000000E+00
3.947500000000E+07	-4.163949E+01	0.000000E+00
3.951250000000E+07	-4.301024E+01	0.000000E+00
3.955000000000E+07	-4.099750E+01	0.000000E+00
3.958750000000E+07	-4.331787E+01	0.000000E+00
3.962500000000E+07	-4.500887E+01	0.000000E+00
3.966250000000E+07	-4.649284E+01	0.000000E+00
3.970000000000E+07	-4.581791E+01	0.000000E+00
3.973750000000E+07	-4.897665E+01	0.000000E+00
3.977500000000E+07	-4.959717E+01	0.000000E+00
3.981250000000E+07	-5.025516E+01	0.000000E+00
3.985000000000E+07	-5.168442E+01	0.000000E+00
3.988750000000E+07	-5.133484E+01	0.000000E+00
3.992500000000E+07	-5.353976E+01	0.000000E+00
3.996250000000E+07	-5.467107E+01	0.000000E+00
4.000000000000E+07	-5.646189E+01	0.000000E+00
