"4395A REV1.12"
"DATE: Apr 14 2013"



"CHANNEL: 1"
"MEASURE TYPE: A/B"
"FORMAT TYPE: LOG MAG"
"NUMBER of POINTS: 801"
"SWEEP TIME:  1.882 s"
"SWEEP TYPE: LIN FREQ"
"SOURCE POWER:  15 dBm"
"IF BANDWIDTH:  3 kHz"

"Frequency"	"Data Trace Real"	"Data Trace Imag"
1.000000000000E+07	-6.597599E+01	0.000000E+00
1.003750000000E+07	-7.596320E+01	0.000000E+00
1.007500000000E+07	-6.424197E+01	0.000000E+00
1.011250000000E+07	-6.889600E+01	0.000000E+00
1.015000000000E+07	-6.295065E+01	0.000000E+00
1.018750000000E+07	-5.383509E+01	0.000000E+00
1.022500000000E+07	-5.471411E+01	0.000000E+00
1.026250000000E+07	-6.702796E+01	0.000000E+00
1.030000000000E+07	-6.211377E+01	0.000000E+00
1.033750000000E+07	-6.696130E+01	0.000000E+00
1.037500000000E+07	-6.456469E+01	0.000000E+00
1.041250000000E+07	-6.962603E+01	0.000000E+00
1.045000000000E+07	-5.952837E+01	0.000000E+00
1.048750000000E+07	-6.401326E+01	0.000000E+00
1.052500000000E+07	-6.530338E+01	0.000000E+00
1.056250000000E+07	-6.631821E+01	0.000000E+00
1.060000000000E+07	-6.556178E+01	0.000000E+00
1.063750000000E+07	-6.605370E+01	0.000000E+00
1.067500000000E+07	-6.907417E+01	0.000000E+00
1.071250000000E+07	-6.986279E+01	0.000000E+00
1.075000000000E+07	-6.943238E+01	0.000000E+00
1.078750000000E+07	-6.368326E+01	0.000000E+00
1.082500000000E+07	-6.620197E+01	0.000000E+00
1.086250000000E+07	-7.608096E+01	0.000000E+00
1.090000000000E+07	-6.198527E+01	0.000000E+00
1.093750000000E+07	-6.907311E+01	0.000000E+00
1.097500000000E+07	-6.544652E+01	0.000000E+00
1.101250000000E+07	-7.065171E+01	0.000000E+00
1.105000000000E+07	-7.363820E+01	0.000000E+00
1.108750000000E+07	-6.686556E+01	0.000000E+00
1.112500000000E+07	-6.108956E+01	0.000000E+00
1.116250000000E+07	-7.114849E+01	0.000000E+00
1.120000000000E+07	-6.288064E+01	0.000000E+00
1.123750000000E+07	-7.738588E+01	0.000000E+00
1.127500000000E+07	-6.833928E+01	0.000000E+00
1.131250000000E+07	-6.812490E+01	0.000000E+00
1.135000000000E+07	-7.348337E+01	0.000000E+00
1.138750000000E+07	-6.859197E+01	0.000000E+00
1.142500000000E+07	-7.892148E+01	0.000000E+00
1.146250000000E+07	-6.659335E+01	0.000000E+00
1.150000000000E+07	-6.687945E+01	0.000000E+00
1.153750000000E+07	-6.777953E+01	0.000000E+00
1.157500000000E+07	-7.248288E+01	0.000000E+00
1.161250000000E+07	-6.954139E+01	0.000000E+00
1.165000000000E+07	-7.267058E+01	0.000000E+00
1.168750000000E+07	-6.562444E+01	0.000000E+00
1.172500000000E+07	-7.051151E+01	0.000000E+00
1.176250000000E+07	-7.027600E+01	0.000000E+00
1.180000000000E+07	-6.602901E+01	0.000000E+00
1.183750000000E+07	-6.340239E+01	0.000000E+00
1.187500000000E+07	-6.687707E+01	0.000000E+00
1.191250000000E+07	-6.460862E+01	0.000000E+00
1.195000000000E+07	-5.594822E+01	0.000000E+00
1.198750000000E+07	-5.511291E+01	0.000000E+00
1.202500000000E+07	-6.780112E+01	0.000000E+00
1.206250000000E+07	-7.631732E+01	0.000000E+00
1.210000000000E+07	-6.573862E+01	0.000000E+00
1.213750000000E+07	-6.771602E+01	0.000000E+00
1.217500000000E+07	-7.203366E+01	0.000000E+00
1.221250000000E+07	-6.871169E+01	0.000000E+00
1.225000000000E+07	-6.276712E+01	0.000000E+00
1.228750000000E+07	-6.878768E+01	0.000000E+00
1.232500000000E+07	-6.393203E+01	0.000000E+00
1.236250000000E+07	-6.360300E+01	0.000000E+00
1.240000000000E+07	-7.235262E+01	0.000000E+00
1.243750000000E+07	-7.218037E+01	0.000000E+00
1.247500000000E+07	-6.590693E+01	0.000000E+00
1.251250000000E+07	-5.655491E+01	0.000000E+00
1.255000000000E+07	-6.302988E+01	0.000000E+00
1.258750000000E+07	-6.281643E+01	0.000000E+00
1.262500000000E+07	-6.011154E+01	0.000000E+00
1.266250000000E+07	-6.471250E+01	0.000000E+00
1.270000000000E+07	-6.751318E+01	0.000000E+00
1.273750000000E+07	-6.787610E+01	0.000000E+00
1.277500000000E+07	-6.319758E+01	0.000000E+00
1.281250000000E+07	-6.697083E+01	0.000000E+00
1.285000000000E+07	-6.708691E+01	0.000000E+00
1.288750000000E+07	-6.395258E+01	0.000000E+00
1.292500000000E+07	-7.043593E+01	0.000000E+00
1.296250000000E+07	-6.863679E+01	0.000000E+00
1.300000000000E+07	-6.698349E+01	0.000000E+00
1.303750000000E+07	-7.283886E+01	0.000000E+00
1.307500000000E+07	-6.444141E+01	0.000000E+00
1.311250000000E+07	-6.760919E+01	0.000000E+00
1.315000000000E+07	-5.880619E+01	0.000000E+00
1.318750000000E+07	-6.766500E+01	0.000000E+00
1.322500000000E+07	-6.545522E+01	0.000000E+00
1.326250000000E+07	-7.101006E+01	0.000000E+00
1.330000000000E+07	-6.110363E+01	0.000000E+00
1.333750000000E+07	-6.257700E+01	0.000000E+00
1.337500000000E+07	-5.975284E+01	0.000000E+00
1.341250000000E+07	-6.298363E+01	0.000000E+00
1.345000000000E+07	-6.433524E+01	0.000000E+00
1.348750000000E+07	-6.396507E+01	0.000000E+00
1.352500000000E+07	-6.790142E+01	0.000000E+00
1.356250000000E+07	-6.998775E+01	0.000000E+00
1.360000000000E+07	-7.129144E+01	0.000000E+00
1.363750000000E+07	-6.673159E+01	0.000000E+00
1.367500000000E+07	-6.974076E+01	0.000000E+00
1.371250000000E+07	-6.945605E+01	0.000000E+00
1.375000000000E+07	-6.622086E+01	0.000000E+00
1.378750000000E+07	-5.745766E+01	0.000000E+00
1.382500000000E+07	-7.212080E+01	0.000000E+00
1.386250000000E+07	-6.404075E+01	0.000000E+00
1.390000000000E+07	-6.162284E+01	0.000000E+00
1.393750000000E+07	-6.544131E+01	0.000000E+00
1.397500000000E+07	-6.510954E+01	0.000000E+00
1.401250000000E+07	-6.565246E+01	0.000000E+00
1.405000000000E+07	-6.451838E+01	0.000000E+00
1.408750000000E+07	-6.739109E+01	0.000000E+00
1.412500000000E+07	-7.154160E+01	0.000000E+00
1.416250000000E+07	-6.962016E+01	0.000000E+00
1.420000000000E+07	-6.636078E+01	0.000000E+00
1.423750000000E+07	-7.147301E+01	0.000000E+00
1.427500000000E+07	-6.993179E+01	0.000000E+00
1.431250000000E+07	-7.592700E+01	0.000000E+00
1.435000000000E+07	-5.546439E+01	0.000000E+00
1.438750000000E+07	-7.989829E+01	0.000000E+00
1.442500000000E+07	-6.602502E+01	0.000000E+00
1.446250000000E+07	-7.815031E+01	0.000000E+00
1.450000000000E+07	-6.438415E+01	0.000000E+00
1.453750000000E+07	-7.240647E+01	0.000000E+00
1.457500000000E+07	-7.316737E+01	0.000000E+00
1.461250000000E+07	-6.408073E+01	0.000000E+00
1.465000000000E+07	-7.056912E+01	0.000000E+00
1.468750000000E+07	-5.752531E+01	0.000000E+00
1.472500000000E+07	-7.014156E+01	0.000000E+00
1.476250000000E+07	-6.919628E+01	0.000000E+00
1.480000000000E+07	-6.844063E+01	0.000000E+00
1.483750000000E+07	-7.008241E+01	0.000000E+00
1.487500000000E+07	-6.475557E+01	0.000000E+00
1.491250000000E+07	-6.704902E+01	0.000000E+00
1.495000000000E+07	-5.840181E+01	0.000000E+00
1.498750000000E+07	-6.124230E+01	0.000000E+00
1.502500000000E+07	-6.449522E+01	0.000000E+00
1.506250000000E+07	-6.872479E+01	0.000000E+00
1.510000000000E+07	-6.361296E+01	0.000000E+00
1.513750000000E+07	-6.501344E+01	0.000000E+00
1.517500000000E+07	-6.556300E+01	0.000000E+00
1.521250000000E+07	-6.749434E+01	0.000000E+00
1.525000000000E+07	-6.805605E+01	0.000000E+00
1.528750000000E+07	-6.692205E+01	0.000000E+00
1.532500000000E+07	-6.239931E+01	0.000000E+00
1.536250000000E+07	-6.500662E+01	0.000000E+00
1.540000000000E+07	-6.324469E+01	0.000000E+00
1.543750000000E+07	-6.559782E+01	0.000000E+00
1.547500000000E+07	-6.463964E+01	0.000000E+00
1.551250000000E+07	-6.976718E+01	0.000000E+00
1.555000000000E+07	-6.007130E+01	0.000000E+00
1.558750000000E+07	-5.953319E+01	0.000000E+00
1.562500000000E+07	-6.096723E+01	0.000000E+00
1.566250000000E+07	-6.547842E+01	0.000000E+00
1.570000000000E+07	-6.299852E+01	0.000000E+00
1.573750000000E+07	-6.868294E+01	0.000000E+00
1.577500000000E+07	-6.397299E+01	0.000000E+00
1.581250000000E+07	-7.216573E+01	0.000000E+00
1.585000000000E+07	-6.261087E+01	0.000000E+00
1.588750000000E+07	-5.675027E+01	0.000000E+00
1.592500000000E+07	-5.607853E+01	0.000000E+00
1.596250000000E+07	-6.016503E+01	0.000000E+00
1.600000000000E+07	-5.754290E+01	0.000000E+00
1.603750000000E+07	-6.071006E+01	0.000000E+00
1.607500000000E+07	-6.812699E+01	0.000000E+00
1.611250000000E+07	-6.824828E+01	0.000000E+00
1.615000000000E+07	-6.449095E+01	0.000000E+00
1.618750000000E+07	-6.685279E+01	0.000000E+00
1.622500000000E+07	-6.512463E+01	0.000000E+00
1.626250000000E+07	-6.828620E+01	0.000000E+00
1.630000000000E+07	-6.415912E+01	0.000000E+00
1.633750000000E+07	-6.655570E+01	0.000000E+00
1.637500000000E+07	-6.568943E+01	0.000000E+00
1.641250000000E+07	-6.421156E+01	0.000000E+00
1.645000000000E+07	-6.336958E+01	0.000000E+00
1.648750000000E+07	-6.420481E+01	0.000000E+00
1.652500000000E+07	-6.607596E+01	0.000000E+00
1.656250000000E+07	-6.719379E+01	0.000000E+00
1.660000000000E+07	-5.933249E+01	0.000000E+00
1.663750000000E+07	-6.613130E+01	0.000000E+00
1.667500000000E+07	-6.660826E+01	0.000000E+00
1.671250000000E+07	-8.755313E+01	0.000000E+00
1.675000000000E+07	-5.869329E+01	0.000000E+00
1.678750000000E+07	-6.948142E+01	0.000000E+00
1.682500000000E+07	-6.488716E+01	0.000000E+00
1.686250000000E+07	-6.516248E+01	0.000000E+00
1.690000000000E+07	-7.921967E+01	0.000000E+00
1.693750000000E+07	-6.636743E+01	0.000000E+00
1.697500000000E+07	-6.956139E+01	0.000000E+00
1.701250000000E+07	-6.806339E+01	0.000000E+00
1.705000000000E+07	-7.662543E+01	0.000000E+00
1.708750000000E+07	-6.264280E+01	0.000000E+00
1.712500000000E+07	-6.523151E+01	0.000000E+00
1.716250000000E+07	-6.900578E+01	0.000000E+00
1.720000000000E+07	-6.130024E+01	0.000000E+00
1.723750000000E+07	-6.218419E+01	0.000000E+00
1.727500000000E+07	-6.591963E+01	0.000000E+00
1.731250000000E+07	-6.175069E+01	0.000000E+00
1.735000000000E+07	-5.986010E+01	0.000000E+00
1.738750000000E+07	-6.657376E+01	0.000000E+00
1.742500000000E+07	-6.601791E+01	0.000000E+00
1.746250000000E+07	-6.229322E+01	0.000000E+00
1.750000000000E+07	-6.651601E+01	0.000000E+00
1.753750000000E+07	-6.545459E+01	0.000000E+00
1.757500000000E+07	-6.677477E+01	0.000000E+00
1.761250000000E+07	-6.416390E+01	0.000000E+00
1.765000000000E+07	-6.533456E+01	0.000000E+00
1.768750000000E+07	-6.827692E+01	0.000000E+00
1.772500000000E+07	-6.598697E+01	0.000000E+00
1.776250000000E+07	-6.332418E+01	0.000000E+00
1.780000000000E+07	-6.342864E+01	0.000000E+00
1.783750000000E+07	-6.407236E+01	0.000000E+00
1.787500000000E+07	-6.153427E+01	0.000000E+00
1.791250000000E+07	-4.398478E+01	0.000000E+00
1.795000000000E+07	-6.334997E+01	0.000000E+00
1.798750000000E+07	-6.451472E+01	0.000000E+00
1.802500000000E+07	-5.974514E+01	0.000000E+00
1.806250000000E+07	-7.037566E+01	0.000000E+00
1.810000000000E+07	-6.605655E+01	0.000000E+00
1.813750000000E+07	-6.627972E+01	0.000000E+00
1.817500000000E+07	-6.610138E+01	0.000000E+00
1.821250000000E+07	-6.633116E+01	0.000000E+00
1.825000000000E+07	-6.862790E+01	0.000000E+00
1.828750000000E+07	-7.896444E+01	0.000000E+00
1.832500000000E+07	-5.782829E+01	0.000000E+00
1.836250000000E+07	-6.045197E+01	0.000000E+00
1.840000000000E+07	-6.180024E+01	0.000000E+00
1.843750000000E+07	-6.493830E+01	0.000000E+00
1.847500000000E+07	-6.615146E+01	0.000000E+00
1.851250000000E+07	-7.010095E+01	0.000000E+00
1.855000000000E+07	-6.433311E+01	0.000000E+00
1.858750000000E+07	-6.290063E+01	0.000000E+00
1.862500000000E+07	-6.516319E+01	0.000000E+00
1.866250000000E+07	-7.178939E+01	0.000000E+00
1.870000000000E+07	-6.537503E+01	0.000000E+00
1.873750000000E+07	-6.194408E+01	0.000000E+00
1.877500000000E+07	-6.708938E+01	0.000000E+00
1.881250000000E+07	-8.191058E+01	0.000000E+00
1.885000000000E+07	-6.854809E+01	0.000000E+00
1.888750000000E+07	-6.485983E+01	0.000000E+00
1.892500000000E+07	-6.520071E+01	0.000000E+00
1.896250000000E+07	-7.001488E+01	0.000000E+00
1.900000000000E+07	-6.631007E+01	0.000000E+00
1.903750000000E+07	-6.877888E+01	0.000000E+00
1.907500000000E+07	-6.794053E+01	0.000000E+00
1.911250000000E+07	-5.253517E+01	0.000000E+00
1.915000000000E+07	-5.843426E+01	0.000000E+00
1.918750000000E+07	-6.242016E+01	0.000000E+00
1.922500000000E+07	-6.483969E+01	0.000000E+00
1.926250000000E+07	-6.301464E+01	0.000000E+00
1.930000000000E+07	-6.364428E+01	0.000000E+00
1.933750000000E+07	-5.963706E+01	0.000000E+00
1.937500000000E+07	-6.660868E+01	0.000000E+00
1.941250000000E+07	-6.317085E+01	0.000000E+00
1.945000000000E+07	-6.580145E+01	0.000000E+00
1.948750000000E+07	-6.509193E+01	0.000000E+00
1.952500000000E+07	-6.615102E+01	0.000000E+00
1.956250000000E+07	-6.609320E+01	0.000000E+00
1.960000000000E+07	-6.648005E+01	0.000000E+00
1.963750000000E+07	-6.774944E+01	0.000000E+00
1.967500000000E+07	-6.477824E+01	0.000000E+00
1.971250000000E+07	-6.536526E+01	0.000000E+00
1.975000000000E+07	-6.851669E+01	0.000000E+00
1.978750000000E+07	-6.136109E+01	0.000000E+00
1.982500000000E+07	-5.678434E+01	0.000000E+00
1.986250000000E+07	-6.779858E+01	0.000000E+00
1.990000000000E+07	-6.429758E+01	0.000000E+00
1.993750000000E+07	-6.747989E+01	0.000000E+00
1.997500000000E+07	-6.679788E+01	0.000000E+00
2.001250000000E+07	-6.631787E+01	0.000000E+00
2.005000000000E+07	-6.135069E+01	0.000000E+00
2.008750000000E+07	-6.424805E+01	0.000000E+00
2.012500000000E+07	-6.646347E+01	0.000000E+00
2.016250000000E+07	-7.164728E+01	0.000000E+00
2.020000000000E+07	-6.278019E+01	0.000000E+00
2.023750000000E+07	-6.487476E+01	0.000000E+00
2.027500000000E+07	-7.382912E+01	0.000000E+00
2.031250000000E+07	-6.725887E+01	0.000000E+00
2.035000000000E+07	-6.311716E+01	0.000000E+00
2.038750000000E+07	-6.734694E+01	0.000000E+00
2.042500000000E+07	-6.822555E+01	0.000000E+00
2.046250000000E+07	-6.627417E+01	0.000000E+00
2.050000000000E+07	-6.245281E+01	0.000000E+00
2.053750000000E+07	-6.386037E+01	0.000000E+00
2.057500000000E+07	-7.099530E+01	0.000000E+00
2.061250000000E+07	-6.569698E+01	0.000000E+00
2.065000000000E+07	-6.919376E+01	0.000000E+00
2.068750000000E+07	-7.494168E+01	0.000000E+00
2.072500000000E+07	-6.570653E+01	0.000000E+00
2.076250000000E+07	-7.693935E+01	0.000000E+00
2.080000000000E+07	-5.743730E+01	0.000000E+00
2.083750000000E+07	-6.417842E+01	0.000000E+00
2.087500000000E+07	-6.698922E+01	0.000000E+00
2.091250000000E+07	-6.745127E+01	0.000000E+00
2.095000000000E+07	-6.208971E+01	0.000000E+00
2.098750000000E+07	-6.983310E+01	0.000000E+00
2.102500000000E+07	-6.622554E+01	0.000000E+00
2.106250000000E+07	-6.916037E+01	0.000000E+00
2.110000000000E+07	-7.288268E+01	0.000000E+00
2.113750000000E+07	-6.507098E+01	0.000000E+00
2.117500000000E+07	-6.625474E+01	0.000000E+00
2.121250000000E+07	-7.047652E+01	0.000000E+00
2.125000000000E+07	-8.111190E+01	0.000000E+00
2.128750000000E+07	-6.674091E+01	0.000000E+00
2.132500000000E+07	-6.677980E+01	0.000000E+00
2.136250000000E+07	-6.118170E+01	0.000000E+00
2.140000000000E+07	-6.334373E+01	0.000000E+00
2.143750000000E+07	-6.173132E+01	0.000000E+00
2.147500000000E+07	-5.714946E+01	0.000000E+00
2.151250000000E+07	-7.028291E+01	0.000000E+00
2.155000000000E+07	-6.757597E+01	0.000000E+00
2.158750000000E+07	-6.347837E+01	0.000000E+00
2.162500000000E+07	-6.238998E+01	0.000000E+00
2.166250000000E+07	-6.764078E+01	0.000000E+00
2.170000000000E+07	-6.596562E+01	0.000000E+00
2.173750000000E+07	-6.441845E+01	0.000000E+00
2.177500000000E+07	-6.219312E+01	0.000000E+00
2.181250000000E+07	-6.392722E+01	0.000000E+00
2.185000000000E+07	-5.961996E+01	0.000000E+00
2.188750000000E+07	-5.963069E+01	0.000000E+00
2.192500000000E+07	-6.728033E+01	0.000000E+00
2.196250000000E+07	-6.270660E+01	0.000000E+00
2.200000000000E+07	-6.141632E+01	0.000000E+00
2.203750000000E+07	-5.925675E+01	0.000000E+00
2.207500000000E+07	-6.321378E+01	0.000000E+00
2.211250000000E+07	-6.322160E+01	0.000000E+00
2.215000000000E+07	-6.254187E+01	0.000000E+00
2.218750000000E+07	-6.157758E+01	0.000000E+00
2.222500000000E+07	-5.996971E+01	0.000000E+00
2.226250000000E+07	-5.773060E+01	0.000000E+00
2.230000000000E+07	-5.597527E+01	0.000000E+00
2.233750000000E+07	-5.993869E+01	0.000000E+00
2.237500000000E+07	-5.786488E+01	0.000000E+00
2.241250000000E+07	-5.742437E+01	0.000000E+00
2.245000000000E+07	-5.818043E+01	0.000000E+00
2.248750000000E+07	-5.888662E+01	0.000000E+00
2.252500000000E+07	-5.644120E+01	0.000000E+00
2.256250000000E+07	-5.425558E+01	0.000000E+00
2.260000000000E+07	-5.848157E+01	0.000000E+00
2.263750000000E+07	-5.622129E+01	0.000000E+00
2.267500000000E+07	-5.279604E+01	0.000000E+00
2.271250000000E+07	-5.562643E+01	0.000000E+00
2.275000000000E+07	-5.715113E+01	0.000000E+00
2.278750000000E+07	-5.432914E+01	0.000000E+00
2.282500000000E+07	-5.278793E+01	0.000000E+00
2.286250000000E+07	-5.562055E+01	0.000000E+00
2.290000000000E+07	-5.389886E+01	0.000000E+00
2.293750000000E+07	-5.317206E+01	0.000000E+00
2.297500000000E+07	-5.407711E+01	0.000000E+00
2.301250000000E+07	-5.551798E+01	0.000000E+00
2.305000000000E+07	-5.352654E+01	0.000000E+00
2.308750000000E+07	-5.250507E+01	0.000000E+00
2.312500000000E+07	-5.344346E+01	0.000000E+00
2.316250000000E+07	-5.322344E+01	0.000000E+00
2.320000000000E+07	-5.102747E+01	0.000000E+00
2.323750000000E+07	-5.090991E+01	0.000000E+00
2.327500000000E+07	-5.207114E+01	0.000000E+00
2.331250000000E+07	-5.171202E+01	0.000000E+00
2.335000000000E+07	-5.145122E+01	0.000000E+00
2.338750000000E+07	-5.057173E+01	0.000000E+00
2.342500000000E+07	-5.101570E+01	0.000000E+00
2.346250000000E+07	-5.027374E+01	0.000000E+00
2.350000000000E+07	-4.998656E+01	0.000000E+00
2.353750000000E+07	-5.005432E+01	0.000000E+00
2.357500000000E+07	-4.991016E+01	0.000000E+00
2.361250000000E+07	-4.938536E+01	0.000000E+00
2.365000000000E+07	-4.910719E+01	0.000000E+00
2.368750000000E+07	-4.941903E+01	0.000000E+00
2.372500000000E+07	-4.879478E+01	0.000000E+00
2.376250000000E+07	-4.872743E+01	0.000000E+00
2.380000000000E+07	-4.868223E+01	0.000000E+00
2.383750000000E+07	-4.854280E+01	0.000000E+00
2.387500000000E+07	-4.927622E+01	0.000000E+00
2.391250000000E+07	-5.177677E+01	0.000000E+00
2.395000000000E+07	-4.825164E+01	0.000000E+00
2.398750000000E+07	-4.791841E+01	0.000000E+00
2.402500000000E+07	-4.809238E+01	0.000000E+00
2.406250000000E+07	-4.811061E+01	0.000000E+00
2.410000000000E+07	-4.822411E+01	0.000000E+00
2.413750000000E+07	-4.860062E+01	0.000000E+00
2.417500000000E+07	-4.781210E+01	0.000000E+00
2.421250000000E+07	-4.808784E+01	0.000000E+00
2.425000000000E+07	-4.783681E+01	0.000000E+00
2.428750000000E+07	-4.788115E+01	0.000000E+00
2.432500000000E+07	-4.797823E+01	0.000000E+00
2.436250000000E+07	-4.794986E+01	0.000000E+00
2.440000000000E+07	-4.834369E+01	0.000000E+00
2.443750000000E+07	-4.756440E+01	0.000000E+00
2.447500000000E+07	-4.768344E+01	0.000000E+00
2.451250000000E+07	-4.779002E+01	0.000000E+00
2.455000000000E+07	-4.834842E+01	0.000000E+00
2.458750000000E+07	-4.774191E+01	0.000000E+00
2.462500000000E+07	-4.770890E+01	0.000000E+00
2.466250000000E+07	-4.809774E+01	0.000000E+00
2.470000000000E+07	-4.775764E+01	0.000000E+00
2.473750000000E+07	-4.807889E+01	0.000000E+00
2.477500000000E+07	-4.805974E+01	0.000000E+00
2.481250000000E+07	-4.817562E+01	0.000000E+00
2.485000000000E+07	-4.829920E+01	0.000000E+00
2.488750000000E+07	-4.835520E+01	0.000000E+00
2.492500000000E+07	-4.849722E+01	0.000000E+00
2.496250000000E+07	-4.864208E+01	0.000000E+00
2.500000000000E+07	-4.851310E+01	0.000000E+00
2.503750000000E+07	-4.885899E+01	0.000000E+00
2.507500000000E+07	-4.938192E+01	0.000000E+00
2.511250000000E+07	-4.905461E+01	0.000000E+00
2.515000000000E+07	-4.919862E+01	0.000000E+00
2.518750000000E+07	-4.889819E+01	0.000000E+00
2.522500000000E+07	-4.944798E+01	0.000000E+00
2.526250000000E+07	-4.920473E+01	0.000000E+00
2.530000000000E+07	-4.944582E+01	0.000000E+00
2.533750000000E+07	-4.943645E+01	0.000000E+00
2.537500000000E+07	-4.958381E+01	0.000000E+00
2.541250000000E+07	-4.949770E+01	0.000000E+00
2.545000000000E+07	-4.991721E+01	0.000000E+00
2.548750000000E+07	-5.012295E+01	0.000000E+00
2.552500000000E+07	-4.927722E+01	0.000000E+00
2.556250000000E+07	-5.033262E+01	0.000000E+00
2.560000000000E+07	-5.093105E+01	0.000000E+00
2.563750000000E+07	-4.949261E+01	0.000000E+00
2.567500000000E+07	-4.831741E+01	0.000000E+00
2.571250000000E+07	-4.956901E+01	0.000000E+00
2.575000000000E+07	-4.995451E+01	0.000000E+00
2.578750000000E+07	-4.924148E+01	0.000000E+00
2.582500000000E+07	-4.936959E+01	0.000000E+00
2.586250000000E+07	-4.978800E+01	0.000000E+00
2.590000000000E+07	-4.929304E+01	0.000000E+00
2.593750000000E+07	-4.860065E+01	0.000000E+00
2.597500000000E+07	-4.876491E+01	0.000000E+00
2.601250000000E+07	-4.949539E+01	0.000000E+00
2.605000000000E+07	-4.806957E+01	0.000000E+00
2.608750000000E+07	-4.817215E+01	0.000000E+00
2.612500000000E+07	-4.825372E+01	0.000000E+00
2.616250000000E+07	-4.857396E+01	0.000000E+00
2.620000000000E+07	-4.757885E+01	0.000000E+00
2.623750000000E+07	-4.771516E+01	0.000000E+00
2.627500000000E+07	-4.783857E+01	0.000000E+00
2.631250000000E+07	-4.598827E+01	0.000000E+00
2.635000000000E+07	-4.717485E+01	0.000000E+00
2.638750000000E+07	-4.708007E+01	0.000000E+00
2.642500000000E+07	-4.715246E+01	0.000000E+00
2.646250000000E+07	-4.614413E+01	0.000000E+00
2.650000000000E+07	-4.625224E+01	0.000000E+00
2.653750000000E+07	-4.656992E+01	0.000000E+00
2.657500000000E+07	-4.546751E+01	0.000000E+00
2.661250000000E+07	-4.528731E+01	0.000000E+00
2.665000000000E+07	-4.551899E+01	0.000000E+00
2.668750000000E+07	-4.592624E+01	0.000000E+00
2.672500000000E+07	-4.486257E+01	0.000000E+00
2.676250000000E+07	-4.495104E+01	0.000000E+00
2.680000000000E+07	-4.533938E+01	0.000000E+00
2.683750000000E+07	-4.471400E+01	0.000000E+00
2.687500000000E+07	-4.444698E+01	0.000000E+00
2.691250000000E+07	-4.448738E+01	0.000000E+00
2.695000000000E+07	-4.512475E+01	0.000000E+00
2.698750000000E+07	-4.398530E+01	0.000000E+00
2.702500000000E+07	-4.394815E+01	0.000000E+00
2.706250000000E+07	-4.467831E+01	0.000000E+00
2.710000000000E+07	-4.412989E+01	0.000000E+00
2.713750000000E+07	-4.334393E+01	0.000000E+00
2.717500000000E+07	-4.360659E+01	0.000000E+00
2.721250000000E+07	-4.434972E+01	0.000000E+00
2.725000000000E+07	-4.306714E+01	0.000000E+00
2.728750000000E+07	-4.312893E+01	0.000000E+00
2.732500000000E+07	-4.367658E+01	0.000000E+00
2.736250000000E+07	-4.339321E+01	0.000000E+00
2.740000000000E+07	-4.261157E+01	0.000000E+00
2.743750000000E+07	-4.261917E+01	0.000000E+00
2.747500000000E+07	-4.315128E+01	0.000000E+00
2.751250000000E+07	-4.214183E+01	0.000000E+00
2.755000000000E+07	-4.239851E+01	0.000000E+00
2.758750000000E+07	-4.271728E+01	0.000000E+00
2.762500000000E+07	-4.286264E+01	0.000000E+00
2.766250000000E+07	-4.148574E+01	0.000000E+00
2.770000000000E+07	-4.163248E+01	0.000000E+00
2.773750000000E+07	-4.258103E+01	0.000000E+00
2.777500000000E+07	-4.122254E+01	0.000000E+00
2.781250000000E+07	-4.098554E+01	0.000000E+00
2.785000000000E+07	-4.139780E+01	0.000000E+00
2.788750000000E+07	-4.198366E+01	0.000000E+00
2.792500000000E+07	-4.046326E+01	0.000000E+00
2.796250000000E+07	-4.068377E+01	0.000000E+00
2.800000000000E+07	-4.182504E+01	0.000000E+00
2.803750000000E+07	-4.065637E+01	0.000000E+00
2.807500000000E+07	-4.031637E+01	0.000000E+00
2.811250000000E+07	-4.019400E+01	0.000000E+00
2.815000000000E+07	-4.132902E+01	0.000000E+00
2.818750000000E+07	-3.952297E+01	0.000000E+00
2.822500000000E+07	-3.964816E+01	0.000000E+00
2.826250000000E+07	-4.068079E+01	0.000000E+00
2.830000000000E+07	-3.957082E+01	0.000000E+00
2.833750000000E+07	-3.892021E+01	0.000000E+00
2.837500000000E+07	-3.918441E+01	0.000000E+00
2.841250000000E+07	-4.048450E+01	0.000000E+00
2.845000000000E+07	-3.858614E+01	0.000000E+00
2.848750000000E+07	-3.865225E+01	0.000000E+00
2.852500000000E+07	-3.982554E+01	0.000000E+00
2.856250000000E+07	-3.927598E+01	0.000000E+00
2.860000000000E+07	-3.807548E+01	0.000000E+00
2.863750000000E+07	-3.811433E+01	0.000000E+00
2.867500000000E+07	-3.933318E+01	0.000000E+00
2.871250000000E+07	-3.760560E+01	0.000000E+00
2.875000000000E+07	-3.747979E+01	0.000000E+00
2.878750000000E+07	-3.819993E+01	0.000000E+00
2.882500000000E+07	-3.791206E+01	0.000000E+00
2.886250000000E+07	-3.691405E+01	0.000000E+00
2.890000000000E+07	-3.675724E+01	0.000000E+00
2.893750000000E+07	-3.707388E+01	0.000000E+00
2.897500000000E+07	-3.623310E+01	0.000000E+00
2.901250000000E+07	-3.601068E+01	0.000000E+00
2.905000000000E+07	-3.600771E+01	0.000000E+00
2.908750000000E+07	-3.554044E+01	0.000000E+00
2.912500000000E+07	-3.546079E+01	0.000000E+00
2.916250000000E+07	-3.530430E+01	0.000000E+00
2.920000000000E+07	-3.489389E+01	0.000000E+00
2.923750000000E+07	-3.535874E+01	0.000000E+00
2.927500000000E+07	-3.506554E+01	0.000000E+00
2.931250000000E+07	-3.517495E+01	0.000000E+00
2.935000000000E+07	-3.413492E+01	0.000000E+00
2.938750000000E+07	-3.483656E+01	0.000000E+00
2.942500000000E+07	-3.470864E+01	0.000000E+00
2.946250000000E+07	-3.396978E+01	0.000000E+00
2.950000000000E+07	-3.512800E+01	0.000000E+00
2.953750000000E+07	-3.462708E+01	0.000000E+00
2.957500000000E+07	-3.467755E+01	0.000000E+00
2.961250000000E+07	-3.340477E+01	0.000000E+00
2.965000000000E+07	-3.446317E+01	0.000000E+00
2.968750000000E+07	-3.411723E+01	0.000000E+00
2.972500000000E+07	-3.320996E+01	0.000000E+00
2.976250000000E+07	-3.382409E+01	0.000000E+00
2.980000000000E+07	-3.405989E+01	0.000000E+00
2.983750000000E+07	-3.393203E+01	0.000000E+00
2.987500000000E+07	-3.265026E+01	0.000000E+00
2.991250000000E+07	-3.361156E+01	0.000000E+00
2.995000000000E+07	-3.318627E+01	0.000000E+00
2.998750000000E+07	-3.238158E+01	0.000000E+00
3.002500000000E+07	-3.246034E+01	0.000000E+00
3.006250000000E+07	-3.302629E+01	0.000000E+00
3.010000000000E+07	-3.277703E+01	0.000000E+00
3.013750000000E+07	-3.168304E+01	0.000000E+00
3.017500000000E+07	-3.257511E+01	0.000000E+00
3.021250000000E+07	-3.228433E+01	0.000000E+00
3.025000000000E+07	-3.153459E+01	0.000000E+00
3.028750000000E+07	-3.144384E+01	0.000000E+00
3.032500000000E+07	-3.192691E+01	0.000000E+00
3.036250000000E+07	-3.178428E+01	0.000000E+00
3.040000000000E+07	-3.099351E+01	0.000000E+00
3.043750000000E+07	-3.135408E+01	0.000000E+00
3.047500000000E+07	-3.163889E+01	0.000000E+00
3.051250000000E+07	-3.074707E+01	0.000000E+00
3.055000000000E+07	-3.077614E+01	0.000000E+00
3.058750000000E+07	-3.132677E+01	0.000000E+00
3.062500000000E+07	-3.113482E+01	0.000000E+00
3.066250000000E+07	-3.075784E+01	0.000000E+00
3.070000000000E+07	-3.097865E+01	0.000000E+00
3.073750000000E+07	-3.111933E+01	0.000000E+00
3.077500000000E+07	-3.094607E+01	0.000000E+00
3.081250000000E+07	-3.109543E+01	0.000000E+00
3.085000000000E+07	-3.124226E+01	0.000000E+00
3.088750000000E+07	-3.115205E+01	0.000000E+00
3.092500000000E+07	-3.102498E+01	0.000000E+00
3.096250000000E+07	-3.114072E+01	0.000000E+00
3.100000000000E+07	-3.136618E+01	0.000000E+00
3.103750000000E+07	-3.131545E+01	0.000000E+00
3.107500000000E+07	-3.138207E+01	0.000000E+00
3.111250000000E+07	-3.152553E+01	0.000000E+00
3.115000000000E+07	-3.157066E+01	0.000000E+00
3.118750000000E+07	-3.159840E+01	0.000000E+00
3.122500000000E+07	-3.168192E+01	0.000000E+00
3.126250000000E+07	-3.187711E+01	0.000000E+00
3.130000000000E+07	-3.190445E+01	0.000000E+00
3.133750000000E+07	-3.200909E+01	0.000000E+00
3.137500000000E+07	-3.219604E+01	0.000000E+00
3.141250000000E+07	-3.230350E+01	0.000000E+00
3.145000000000E+07	-3.234595E+01	0.000000E+00
3.148750000000E+07	-3.250694E+01	0.000000E+00
3.152500000000E+07	-3.260406E+01	0.000000E+00
3.156250000000E+07	-3.275910E+01	0.000000E+00
3.160000000000E+07	-3.282985E+01	0.000000E+00
3.163750000000E+07	-3.299471E+01	0.000000E+00
3.167500000000E+07	-3.312204E+01	0.000000E+00
3.171250000000E+07	-3.323616E+01	0.000000E+00
3.175000000000E+07	-3.335258E+01	0.000000E+00
3.178750000000E+07	-3.342942E+01	0.000000E+00
3.182500000000E+07	-3.360854E+01	0.000000E+00
3.186250000000E+07	-3.370319E+01	0.000000E+00
3.190000000000E+07	-3.375222E+01	0.000000E+00
3.193750000000E+07	-3.394449E+01	0.000000E+00
3.197500000000E+07	-3.398907E+01	0.000000E+00
3.201250000000E+07	-3.410632E+01	0.000000E+00
3.205000000000E+07	-3.415754E+01	0.000000E+00
3.208750000000E+07	-3.426771E+01	0.000000E+00
3.212500000000E+07	-3.440438E+01	0.000000E+00
3.216250000000E+07	-3.439372E+01	0.000000E+00
3.220000000000E+07	-3.448601E+01	0.000000E+00
3.223750000000E+07	-3.455249E+01	0.000000E+00
3.227500000000E+07	-3.453973E+01	0.000000E+00
3.231250000000E+07	-3.466521E+01	0.000000E+00
3.235000000000E+07	-3.474002E+01	0.000000E+00
3.238750000000E+07	-3.479153E+01	0.000000E+00
3.242500000000E+07	-3.477184E+01	0.000000E+00
3.246250000000E+07	-3.473959E+01	0.000000E+00
3.250000000000E+07	-3.487975E+01	0.000000E+00
3.253750000000E+07	-3.499548E+01	0.000000E+00
3.257500000000E+07	-3.494949E+01	0.000000E+00
3.261250000000E+07	-3.504005E+01	0.000000E+00
3.265000000000E+07	-3.516540E+01	0.000000E+00
3.268750000000E+07	-3.512976E+01	0.000000E+00
3.272500000000E+07	-3.518764E+01	0.000000E+00
3.276250000000E+07	-3.523647E+01	0.000000E+00
3.280000000000E+07	-3.538462E+01	0.000000E+00
3.283750000000E+07	-3.543486E+01	0.000000E+00
3.287500000000E+07	-3.540293E+01	0.000000E+00
3.291250000000E+07	-3.541516E+01	0.000000E+00
3.295000000000E+07	-3.581604E+01	0.000000E+00
3.298750000000E+07	-3.567619E+01	0.000000E+00
3.302500000000E+07	-3.581332E+01	0.000000E+00
3.306250000000E+07	-3.581461E+01	0.000000E+00
3.310000000000E+07	-3.584536E+01	0.000000E+00
3.313750000000E+07	-3.598029E+01	0.000000E+00
3.317500000000E+07	-3.618620E+01	0.000000E+00
3.321250000000E+07	-3.591982E+01	0.000000E+00
3.325000000000E+07	-3.615831E+01	0.000000E+00
3.328750000000E+07	-3.624916E+01	0.000000E+00
3.332500000000E+07	-3.646151E+01	0.000000E+00
3.336250000000E+07	-3.633437E+01	0.000000E+00
3.340000000000E+07	-3.673263E+01	0.000000E+00
3.343750000000E+07	-3.667294E+01	0.000000E+00
3.347500000000E+07	-3.676672E+01	0.000000E+00
3.351250000000E+07	-3.675486E+01	0.000000E+00
3.355000000000E+07	-3.673623E+01	0.000000E+00
3.358750000000E+07	-3.710743E+01	0.000000E+00
3.362500000000E+07	-3.684879E+01	0.000000E+00
3.366250000000E+07	-3.701044E+01	0.000000E+00
3.370000000000E+07	-3.715454E+01	0.000000E+00
3.373750000000E+07	-3.739899E+01	0.000000E+00
3.377500000000E+07	-3.726567E+01	0.000000E+00
3.381250000000E+07	-3.733455E+01	0.000000E+00
3.385000000000E+07	-3.776573E+01	0.000000E+00
3.388750000000E+07	-3.748265E+01	0.000000E+00
3.392500000000E+07	-3.757515E+01	0.000000E+00
3.396250000000E+07	-3.766513E+01	0.000000E+00
3.400000000000E+07	-3.813015E+01	0.000000E+00
3.403750000000E+07	-3.775003E+01	0.000000E+00
3.407500000000E+07	-3.797887E+01	0.000000E+00
3.411250000000E+07	-3.848960E+01	0.000000E+00
3.415000000000E+07	-3.841339E+01	0.000000E+00
3.418750000000E+07	-3.813219E+01	0.000000E+00
3.422500000000E+07	-3.820989E+01	0.000000E+00
3.426250000000E+07	-3.882533E+01	0.000000E+00
3.430000000000E+07	-3.838110E+01	0.000000E+00
3.433750000000E+07	-3.838184E+01	0.000000E+00
3.437500000000E+07	-3.920509E+01	0.000000E+00
3.441250000000E+07	-3.925872E+01	0.000000E+00
3.445000000000E+07	-3.855754E+01	0.000000E+00
3.448750000000E+07	-3.875253E+01	0.000000E+00
3.452500000000E+07	-3.950839E+01	0.000000E+00
3.456250000000E+07	-3.888806E+01	0.000000E+00
3.460000000000E+07	-3.884328E+01	0.000000E+00
3.463750000000E+07	-4.002999E+01	0.000000E+00
3.467500000000E+07	-4.008487E+01	0.000000E+00
3.471250000000E+07	-3.904973E+01	0.000000E+00
3.475000000000E+07	-3.924207E+01	0.000000E+00
3.478750000000E+07	-4.043485E+01	0.000000E+00
3.482500000000E+07	-3.942634E+01	0.000000E+00
3.486250000000E+07	-3.925485E+01	0.000000E+00
3.490000000000E+07	-4.065822E+01	0.000000E+00
3.493750000000E+07	-4.081052E+01	0.000000E+00
3.497500000000E+07	-3.959818E+01	0.000000E+00
3.501250000000E+07	-3.976201E+01	0.000000E+00
3.505000000000E+07	-4.096948E+01	0.000000E+00
3.508750000000E+07	-4.035561E+01	0.000000E+00
3.512500000000E+07	-3.980672E+01	0.000000E+00
3.516250000000E+07	-4.115282E+01	0.000000E+00
3.520000000000E+07	-4.168927E+01	0.000000E+00
3.523750000000E+07	-4.016474E+01	0.000000E+00
3.527500000000E+07	-3.982420E+01	0.000000E+00
3.531250000000E+07	-4.166932E+01	0.000000E+00
3.535000000000E+07	-4.151401E+01	0.000000E+00
3.538750000000E+07	-4.017722E+01	0.000000E+00
3.542500000000E+07	-4.146783E+01	0.000000E+00
3.546250000000E+07	-4.209103E+01	0.000000E+00
3.550000000000E+07	-4.071516E+01	0.000000E+00
3.553750000000E+07	-4.081418E+01	0.000000E+00
3.557500000000E+07	-4.196146E+01	0.000000E+00
3.561250000000E+07	-4.236310E+01	0.000000E+00
3.565000000000E+07	-4.093484E+01	0.000000E+00
3.568750000000E+07	-4.205339E+01	0.000000E+00
3.572500000000E+07	-4.255527E+01	0.000000E+00
3.576250000000E+07	-4.159451E+01	0.000000E+00
3.580000000000E+07	-4.152292E+01	0.000000E+00
3.583750000000E+07	-4.256948E+01	0.000000E+00
3.587500000000E+07	-4.239887E+01	0.000000E+00
3.591250000000E+07	-4.167793E+01	0.000000E+00
3.595000000000E+07	-4.249424E+01	0.000000E+00
3.598750000000E+07	-4.232042E+01	0.000000E+00
3.602500000000E+07	-4.273575E+01	0.000000E+00
3.606250000000E+07	-4.219843E+01	0.000000E+00
3.610000000000E+07	-4.199083E+01	0.000000E+00
3.613750000000E+07	-4.201805E+01	0.000000E+00
3.617500000000E+07	-4.260954E+01	0.000000E+00
3.621250000000E+07	-4.328217E+01	0.000000E+00
3.625000000000E+07	-4.170296E+01	0.000000E+00
3.628750000000E+07	-4.367304E+01	0.000000E+00
3.632500000000E+07	-4.296354E+01	0.000000E+00
3.636250000000E+07	-4.143937E+01	0.000000E+00
3.640000000000E+07	-4.122057E+01	0.000000E+00
3.643750000000E+07	-4.343460E+01	0.000000E+00
3.647500000000E+07	-4.377662E+01	0.000000E+00
3.651250000000E+07	-4.067871E+01	0.000000E+00
3.655000000000E+07	-4.368214E+01	0.000000E+00
3.658750000000E+07	-4.374434E+01	0.000000E+00
3.662500000000E+07	-4.128133E+01	0.000000E+00
3.666250000000E+07	-3.996207E+01	0.000000E+00
3.670000000000E+07	-4.393344E+01	0.000000E+00
3.673750000000E+07	-4.375034E+01	0.000000E+00
3.677500000000E+07	-3.925666E+01	0.000000E+00
3.681250000000E+07	-4.179957E+01	0.000000E+00
3.685000000000E+07	-4.369146E+01	0.000000E+00
3.688750000000E+07	-4.107654E+01	0.000000E+00
3.692500000000E+07	-3.847993E+01	0.000000E+00
3.696250000000E+07	-4.304138E+01	0.000000E+00
3.700000000000E+07	-4.275810E+01	0.000000E+00
3.703750000000E+07	-3.752954E+01	0.000000E+00
3.707500000000E+07	-3.888779E+01	0.000000E+00
3.711250000000E+07	-4.253479E+01	0.000000E+00
3.715000000000E+07	-3.988156E+01	0.000000E+00
3.718750000000E+07	-3.690118E+01	0.000000E+00
3.722500000000E+07	-4.074379E+01	0.000000E+00
3.726250000000E+07	-4.085395E+01	0.000000E+00
3.730000000000E+07	-3.631189E+01	0.000000E+00
3.733750000000E+07	-3.635400E+01	0.000000E+00
3.737500000000E+07	-4.036180E+01	0.000000E+00
3.741250000000E+07	-3.821819E+01	0.000000E+00
3.745000000000E+07	-3.562225E+01	0.000000E+00
3.748750000000E+07	-3.806266E+01	0.000000E+00
3.752500000000E+07	-3.870721E+01	0.000000E+00
3.756250000000E+07	-3.504503E+01	0.000000E+00
3.760000000000E+07	-3.495863E+01	0.000000E+00
3.763750000000E+07	-3.786535E+01	0.000000E+00
3.767500000000E+07	-3.635913E+01	0.000000E+00
3.771250000000E+07	-3.460111E+01	0.000000E+00
3.775000000000E+07	-3.557607E+01	0.000000E+00
3.778750000000E+07	-3.690791E+01	0.000000E+00
3.782500000000E+07	-3.416200E+01	0.000000E+00
3.786250000000E+07	-3.405666E+01	0.000000E+00
3.790000000000E+07	-3.541585E+01	0.000000E+00
3.793750000000E+07	-3.455182E+01	0.000000E+00
3.797500000000E+07	-3.392807E+01	0.000000E+00
3.801250000000E+07	-3.363860E+01	0.000000E+00
3.805000000000E+07	-3.445585E+01	0.000000E+00
3.808750000000E+07	-3.317535E+01	0.000000E+00
3.812500000000E+07	-3.323751E+01	0.000000E+00
3.816250000000E+07	-3.360714E+01	0.000000E+00
3.820000000000E+07	-3.316306E+01	0.000000E+00
3.823750000000E+07	-3.334312E+01	0.000000E+00
3.827500000000E+07	-3.255220E+01	0.000000E+00
3.831250000000E+07	-3.273764E+01	0.000000E+00
3.835000000000E+07	-3.226007E+01	0.000000E+00
3.838750000000E+07	-3.276701E+01	0.000000E+00
3.842500000000E+07	-3.197383E+01	0.000000E+00
3.846250000000E+07	-3.185811E+01	0.000000E+00
3.850000000000E+07	-3.292359E+01	0.000000E+00
3.853750000000E+07	-3.219368E+01	0.000000E+00
3.857500000000E+07	-3.145954E+01	0.000000E+00
3.861250000000E+07	-3.141768E+01	0.000000E+00
3.865000000000E+07	-3.247616E+01	0.000000E+00
3.868750000000E+07	-3.103892E+01	0.000000E+00
3.872500000000E+07	-3.103180E+01	0.000000E+00
3.876250000000E+07	-3.248953E+01	0.000000E+00
3.880000000000E+07	-3.227558E+01	0.000000E+00
3.883750000000E+07	-3.067406E+01	0.000000E+00
3.887500000000E+07	-3.084846E+01	0.000000E+00
3.891250000000E+07	-3.225406E+01	0.000000E+00
3.895000000000E+07	-3.055265E+01	0.000000E+00
3.898750000000E+07	-3.043650E+01	0.000000E+00
3.902500000000E+07	-3.221173E+01	0.000000E+00
3.906250000000E+07	-3.212188E+01	0.000000E+00
3.910000000000E+07	-3.015764E+01	0.000000E+00
3.913750000000E+07	-3.043122E+01	0.000000E+00
3.917500000000E+07	-3.200448E+01	0.000000E+00
3.921250000000E+07	-3.040999E+01	0.000000E+00
3.925000000000E+07	-3.004122E+01	0.000000E+00
3.928750000000E+07	-3.189894E+01	0.000000E+00
3.932500000000E+07	-3.189112E+01	0.000000E+00
3.936250000000E+07	-3.003877E+01	0.000000E+00
3.940000000000E+07	-3.023749E+01	0.000000E+00
3.943750000000E+07	-3.173005E+01	0.000000E+00
3.947500000000E+07	-3.035339E+01	0.000000E+00
3.951250000000E+07	-2.977204E+01	0.000000E+00
3.955000000000E+07	-3.121918E+01	0.000000E+00
3.958750000000E+07	-3.155771E+01	0.000000E+00
3.962500000000E+07	-2.985039E+01	0.000000E+00
3.966250000000E+07	-2.998193E+01	0.000000E+00
3.970000000000E+07	-3.141356E+01	0.000000E+00
3.973750000000E+07	-3.046349E+01	0.000000E+00
3.977500000000E+07	-2.967369E+01	0.000000E+00
3.981250000000E+07	-3.059703E+01	0.000000E+00
3.985000000000E+07	-3.131297E+01	0.000000E+00
3.988750000000E+07	-2.982571E+01	0.000000E+00
3.992500000000E+07	-2.983584E+01	0.000000E+00
3.996250000000E+07	-3.114899E+01	0.000000E+00
4.000000000000E+07	-3.060631E+01	0.000000E+00



"CHANNEL: 2"
"MEASURE TYPE: A/B"
"FORMAT TYPE: PHASE (DEG)"
"NUMBER of POINTS: 801"
"SWEEP TIME:  1.882 s"
"SWEEP TYPE: LIN FREQ"
"SOURCE POWER:  15 dBm"
"IF BANDWIDTH:  3 kHz"

"Frequency"	"Data Trace Real"	"Data Trace Imag"
1.000000000000E+07	-4.227575E+01	0.000000E+00
1.003750000000E+07	1.280882E+02	0.000000E+00
1.007500000000E+07	-1.133013E+02	0.000000E+00
1.011250000000E+07	-8.009168E+01	0.000000E+00
1.015000000000E+07	-1.017172E+02	0.000000E+00
1.018750000000E+07	-1.188333E+02	0.000000E+00
1.022500000000E+07	-1.398407E+02	0.000000E+00
1.026250000000E+07	-1.255707E+02	0.000000E+00
1.030000000000E+07	-1.059412E+02	0.000000E+00
1.033750000000E+07	-1.281211E+02	0.000000E+00
1.037500000000E+07	-1.304966E+02	0.000000E+00
1.041250000000E+07	-1.215233E+02	0.000000E+00
1.045000000000E+07	-1.352380E+02	0.000000E+00
1.048750000000E+07	-1.345207E+02	0.000000E+00
1.052500000000E+07	-1.555682E+02	0.000000E+00
1.056250000000E+07	-1.563012E+02	0.000000E+00
1.060000000000E+07	-1.448376E+02	0.000000E+00
1.063750000000E+07	-1.485072E+02	0.000000E+00
1.067500000000E+07	-1.513498E+02	0.000000E+00
1.071250000000E+07	1.971463E+01	0.000000E+00
1.075000000000E+07	-1.220907E+02	0.000000E+00
1.078750000000E+07	-8.936461E+01	0.000000E+00
1.082500000000E+07	-1.270813E+02	0.000000E+00
1.086250000000E+07	-1.473102E+02	0.000000E+00
1.090000000000E+07	-1.435080E+02	0.000000E+00
1.093750000000E+07	-1.584700E+02	0.000000E+00
1.097500000000E+07	-1.470089E+02	0.000000E+00
1.101250000000E+07	-1.795578E+02	0.000000E+00
1.105000000000E+07	-7.495195E+01	0.000000E+00
1.108750000000E+07	-1.117332E+02	0.000000E+00
1.112500000000E+07	1.087503E+02	0.000000E+00
1.116250000000E+07	-1.145243E+02	0.000000E+00
1.120000000000E+07	-1.515018E+02	0.000000E+00
1.123750000000E+07	1.247026E+02	0.000000E+00
1.127500000000E+07	-1.639236E+02	0.000000E+00
1.131250000000E+07	-1.174138E+02	0.000000E+00
1.135000000000E+07	1.286012E+02	0.000000E+00
1.138750000000E+07	-1.730328E+02	0.000000E+00
1.142500000000E+07	-1.043555E+02	0.000000E+00
1.146250000000E+07	-1.346568E+02	0.000000E+00
1.150000000000E+07	-1.525225E+02	0.000000E+00
1.153750000000E+07	-1.569091E+02	0.000000E+00
1.157500000000E+07	-1.470078E+02	0.000000E+00
1.161250000000E+07	-1.409869E+02	0.000000E+00
1.165000000000E+07	-1.305181E+02	0.000000E+00
1.168750000000E+07	-1.398083E+02	0.000000E+00
1.172500000000E+07	-1.245267E+02	0.000000E+00
1.176250000000E+07	-1.406827E+02	0.000000E+00
1.180000000000E+07	-1.356940E+02	0.000000E+00
1.183750000000E+07	-1.670928E+02	0.000000E+00
1.187500000000E+07	-1.605242E+02	0.000000E+00
1.191250000000E+07	1.585148E+02	0.000000E+00
1.195000000000E+07	1.724519E+02	0.000000E+00
1.198750000000E+07	2.012327E+01	0.000000E+00
1.202500000000E+07	-1.553518E+02	0.000000E+00
1.206250000000E+07	-1.699032E+02	0.000000E+00
1.210000000000E+07	1.586389E+02	0.000000E+00
1.213750000000E+07	-1.541220E+02	0.000000E+00
1.217500000000E+07	-1.306590E+02	0.000000E+00
1.221250000000E+07	-1.501324E+02	0.000000E+00
1.225000000000E+07	1.704767E+02	0.000000E+00
1.228750000000E+07	-1.572591E+02	0.000000E+00
1.232500000000E+07	-1.627767E+02	0.000000E+00
1.236250000000E+07	-1.691201E+02	0.000000E+00
1.240000000000E+07	1.736093E+02	0.000000E+00
1.243750000000E+07	-1.417332E+02	0.000000E+00
1.247500000000E+07	-1.738013E+02	0.000000E+00
1.251250000000E+07	-1.421716E+02	0.000000E+00
1.255000000000E+07	-1.745264E+02	0.000000E+00
1.258750000000E+07	-1.754989E+02	0.000000E+00
1.262500000000E+07	1.776775E+02	0.000000E+00
1.266250000000E+07	-1.741966E+02	0.000000E+00
1.270000000000E+07	1.781459E+02	0.000000E+00
1.273750000000E+07	1.753074E+02	0.000000E+00
1.277500000000E+07	1.770961E+02	0.000000E+00
1.281250000000E+07	1.760526E+02	0.000000E+00
1.285000000000E+07	1.753849E+02	0.000000E+00
1.288750000000E+07	1.662576E+02	0.000000E+00
1.292500000000E+07	1.525118E+02	0.000000E+00
1.296250000000E+07	1.693279E+02	0.000000E+00
1.300000000000E+07	1.615464E+02	0.000000E+00
1.303750000000E+07	1.509090E+02	0.000000E+00
1.307500000000E+07	1.626548E+02	0.000000E+00
1.311250000000E+07	1.727519E+02	0.000000E+00
1.315000000000E+07	1.681831E+02	0.000000E+00
1.318750000000E+07	1.094139E+02	0.000000E+00
1.322500000000E+07	1.501011E+02	0.000000E+00
1.326250000000E+07	1.558666E+02	0.000000E+00
1.330000000000E+07	1.548903E+02	0.000000E+00
1.333750000000E+07	1.616319E+02	0.000000E+00
1.337500000000E+07	1.493055E+02	0.000000E+00
1.341250000000E+07	1.539023E+02	0.000000E+00
1.345000000000E+07	-1.697505E+02	0.000000E+00
1.348750000000E+07	1.032033E+02	0.000000E+00
1.352500000000E+07	8.229577E+01	0.000000E+00
1.356250000000E+07	9.458937E-01	0.000000E+00
1.360000000000E+07	9.939820E+01	0.000000E+00
1.363750000000E+07	1.180589E+02	0.000000E+00
1.367500000000E+07	1.107051E+02	0.000000E+00
1.371250000000E+07	1.334395E+02	0.000000E+00
1.375000000000E+07	4.984236E+00	0.000000E+00
1.378750000000E+07	1.251564E+02	0.000000E+00
1.382500000000E+07	1.354265E+02	0.000000E+00
1.386250000000E+07	1.253148E+02	0.000000E+00
1.390000000000E+07	1.520116E+02	0.000000E+00
1.393750000000E+07	1.213101E+02	0.000000E+00
1.397500000000E+07	7.953583E+01	0.000000E+00
1.401250000000E+07	1.334026E+02	0.000000E+00
1.405000000000E+07	1.224780E+02	0.000000E+00
1.408750000000E+07	9.899390E+01	0.000000E+00
1.412500000000E+07	7.540850E+01	0.000000E+00
1.416250000000E+07	7.459335E+01	0.000000E+00
1.420000000000E+07	9.484683E+01	0.000000E+00
1.423750000000E+07	1.230512E+02	0.000000E+00
1.427500000000E+07	1.338918E+02	0.000000E+00
1.431250000000E+07	-1.797102E+02	0.000000E+00
1.435000000000E+07	1.120027E+02	0.000000E+00
1.438750000000E+07	9.497301E+01	0.000000E+00
1.442500000000E+07	1.257812E+02	0.000000E+00
1.446250000000E+07	-1.667479E+01	0.000000E+00
1.450000000000E+07	1.457992E+02	0.000000E+00
1.453750000000E+07	1.472391E+02	0.000000E+00
1.457500000000E+07	1.394059E+02	0.000000E+00
1.461250000000E+07	1.511242E+02	0.000000E+00
1.465000000000E+07	1.014442E+02	0.000000E+00
1.468750000000E+07	3.768260E+01	0.000000E+00
1.472500000000E+07	1.489360E+02	0.000000E+00
1.476250000000E+07	9.241003E+01	0.000000E+00
1.480000000000E+07	1.142598E+02	0.000000E+00
1.483750000000E+07	8.943987E+01	0.000000E+00
1.487500000000E+07	1.190004E+02	0.000000E+00
1.491250000000E+07	1.152119E+02	0.000000E+00
1.495000000000E+07	1.052960E+02	0.000000E+00
1.498750000000E+07	7.304110E+01	0.000000E+00
1.502500000000E+07	6.393338E+01	0.000000E+00
1.506250000000E+07	1.152910E+02	0.000000E+00
1.510000000000E+07	1.627618E+02	0.000000E+00
1.513750000000E+07	1.194727E+02	0.000000E+00
1.517500000000E+07	1.045101E+02	0.000000E+00
1.521250000000E+07	9.617989E+01	0.000000E+00
1.525000000000E+07	-1.552867E+02	0.000000E+00
1.528750000000E+07	1.127315E+02	0.000000E+00
1.532500000000E+07	1.085773E+02	0.000000E+00
1.536250000000E+07	9.721473E+01	0.000000E+00
1.540000000000E+07	1.147275E+02	0.000000E+00
1.543750000000E+07	9.762450E+01	0.000000E+00
1.547500000000E+07	8.603046E+01	0.000000E+00
1.551250000000E+07	-1.050652E+02	0.000000E+00
1.555000000000E+07	6.377525E+01	0.000000E+00
1.558750000000E+07	8.232746E+01	0.000000E+00
1.562500000000E+07	1.612917E+02	0.000000E+00
1.566250000000E+07	8.709711E+01	0.000000E+00
1.570000000000E+07	8.571909E+01	0.000000E+00
1.573750000000E+07	9.145834E+01	0.000000E+00
1.577500000000E+07	1.031490E+02	0.000000E+00
1.581250000000E+07	5.540388E+01	0.000000E+00
1.585000000000E+07	1.090104E+02	0.000000E+00
1.588750000000E+07	1.598723E+02	0.000000E+00
1.592500000000E+07	6.707776E+01	0.000000E+00
1.596250000000E+07	4.972298E+01	0.000000E+00
1.600000000000E+07	-2.855645E+01	0.000000E+00
1.603750000000E+07	-4.477990E+01	0.000000E+00
1.607500000000E+07	5.814731E+01	0.000000E+00
1.611250000000E+07	-1.813805E+01	0.000000E+00
1.615000000000E+07	1.447103E+02	0.000000E+00
1.618750000000E+07	1.384966E+02	0.000000E+00
1.622500000000E+07	7.434251E+01	0.000000E+00
1.626250000000E+07	5.625646E+01	0.000000E+00
1.630000000000E+07	7.658139E+01	0.000000E+00
1.633750000000E+07	9.085058E+01	0.000000E+00
1.637500000000E+07	6.677660E+01	0.000000E+00
1.641250000000E+07	7.578622E+01	0.000000E+00
1.645000000000E+07	5.904832E+01	0.000000E+00
1.648750000000E+07	3.692365E+01	0.000000E+00
1.652500000000E+07	5.930499E+01	0.000000E+00
1.656250000000E+07	6.646372E+01	0.000000E+00
1.660000000000E+07	7.098259E+01	0.000000E+00
1.663750000000E+07	6.250538E+01	0.000000E+00
1.667500000000E+07	5.057101E+01	0.000000E+00
1.671250000000E+07	1.251731E+02	0.000000E+00
1.675000000000E+07	-2.165085E+01	0.000000E+00
1.678750000000E+07	6.724986E+01	0.000000E+00
1.682500000000E+07	1.223027E+02	0.000000E+00
1.686250000000E+07	7.574319E+01	0.000000E+00
1.690000000000E+07	8.936668E+01	0.000000E+00
1.693750000000E+07	3.085040E+01	0.000000E+00
1.697500000000E+07	-3.520711E+01	0.000000E+00
1.701250000000E+07	-1.587533E+02	0.000000E+00
1.705000000000E+07	6.665416E+01	0.000000E+00
1.708750000000E+07	6.111174E+01	0.000000E+00
1.712500000000E+07	4.765983E+01	0.000000E+00
1.716250000000E+07	1.351736E+02	0.000000E+00
1.720000000000E+07	2.942343E+01	0.000000E+00
1.723750000000E+07	6.010291E+01	0.000000E+00
1.727500000000E+07	4.766183E+01	0.000000E+00
1.731250000000E+07	5.475511E+01	0.000000E+00
1.735000000000E+07	-4.627113E+01	0.000000E+00
1.738750000000E+07	3.671415E+01	0.000000E+00
1.742500000000E+07	4.690224E+01	0.000000E+00
1.746250000000E+07	1.376451E+01	0.000000E+00
1.750000000000E+07	6.862148E+01	0.000000E+00
1.753750000000E+07	-3.458974E+01	0.000000E+00
1.757500000000E+07	2.763765E+01	0.000000E+00
1.761250000000E+07	3.552262E+01	0.000000E+00
1.765000000000E+07	3.620923E+01	0.000000E+00
1.768750000000E+07	2.313988E+01	0.000000E+00
1.772500000000E+07	3.818282E+01	0.000000E+00
1.776250000000E+07	4.969382E+01	0.000000E+00
1.780000000000E+07	3.846713E+01	0.000000E+00
1.783750000000E+07	4.114845E+01	0.000000E+00
1.787500000000E+07	-1.795990E+01	0.000000E+00
1.791250000000E+07	1.501729E+01	0.000000E+00
1.795000000000E+07	3.516704E+01	0.000000E+00
1.798750000000E+07	6.049369E+01	0.000000E+00
1.802500000000E+07	8.924841E+01	0.000000E+00
1.806250000000E+07	3.351575E+01	0.000000E+00
1.810000000000E+07	2.473861E+00	0.000000E+00
1.813750000000E+07	1.297234E+01	0.000000E+00
1.817500000000E+07	2.421266E+01	0.000000E+00
1.821250000000E+07	1.880812E+01	0.000000E+00
1.825000000000E+07	-3.301633E+01	0.000000E+00
1.828750000000E+07	1.172833E+02	0.000000E+00
1.832500000000E+07	3.850742E+01	0.000000E+00
1.836250000000E+07	1.282371E+01	0.000000E+00
1.840000000000E+07	-8.573248E+01	0.000000E+00
1.843750000000E+07	-9.238162E+01	0.000000E+00
1.847500000000E+07	1.493571E+01	0.000000E+00
1.851250000000E+07	-4.707993E+01	0.000000E+00
1.855000000000E+07	7.959206E+01	0.000000E+00
1.858750000000E+07	6.442594E+00	0.000000E+00
1.862500000000E+07	9.016365E+00	0.000000E+00
1.866250000000E+07	-5.221606E+01	0.000000E+00
1.870000000000E+07	1.856474E+01	0.000000E+00
1.873750000000E+07	2.856496E+01	0.000000E+00
1.877500000000E+07	2.313902E+01	0.000000E+00
1.881250000000E+07	-1.634146E+01	0.000000E+00
1.885000000000E+07	-2.465505E+01	0.000000E+00
1.888750000000E+07	1.749888E+01	0.000000E+00
1.892500000000E+07	8.928903E+00	0.000000E+00
1.896250000000E+07	-1.880215E+01	0.000000E+00
1.900000000000E+07	1.352432E+01	0.000000E+00
1.903750000000E+07	-1.366770E+01	0.000000E+00
1.907500000000E+07	-3.427824E+01	0.000000E+00
1.911250000000E+07	-1.723271E+02	0.000000E+00
1.915000000000E+07	-4.651200E+01	0.000000E+00
1.918750000000E+07	1.037809E+00	0.000000E+00
1.922500000000E+07	2.910453E+01	0.000000E+00
1.926250000000E+07	2.197631E+01	0.000000E+00
1.930000000000E+07	-4.597489E+00	0.000000E+00
1.933750000000E+07	1.046427E+00	0.000000E+00
1.937500000000E+07	1.457316E+00	0.000000E+00
1.941250000000E+07	-9.610184E-01	0.000000E+00
1.945000000000E+07	-2.231260E+01	0.000000E+00
1.948750000000E+07	-9.038450E+00	0.000000E+00
1.952500000000E+07	-8.851021E+00	0.000000E+00
1.956250000000E+07	-3.101995E+00	0.000000E+00
1.960000000000E+07	-2.548013E+01	0.000000E+00
1.963750000000E+07	1.082897E+01	0.000000E+00
1.967500000000E+07	2.853962E+01	0.000000E+00
1.971250000000E+07	1.093715E+02	0.000000E+00
1.975000000000E+07	-7.339478E+00	0.000000E+00
1.978750000000E+07	2.374197E-02	0.000000E+00
1.982500000000E+07	-2.706056E+01	0.000000E+00
1.986250000000E+07	-6.333566E+01	0.000000E+00
1.990000000000E+07	-6.914941E+01	0.000000E+00
1.993750000000E+07	1.012254E+01	0.000000E+00
1.997500000000E+07	-3.096184E+01	0.000000E+00
2.001250000000E+07	-4.930024E+01	0.000000E+00
2.005000000000E+07	-2.596759E+01	0.000000E+00
2.008750000000E+07	-1.661793E+01	0.000000E+00
2.012500000000E+07	-2.346956E+01	0.000000E+00
2.016250000000E+07	-1.802231E+01	0.000000E+00
2.020000000000E+07	-1.664138E+01	0.000000E+00
2.023750000000E+07	-1.549481E+01	0.000000E+00
2.027500000000E+07	1.683496E+02	0.000000E+00
2.031250000000E+07	-1.145049E+02	0.000000E+00
2.035000000000E+07	-7.421991E+01	0.000000E+00
2.038750000000E+07	7.694917E-01	0.000000E+00
2.042500000000E+07	8.534247E+00	0.000000E+00
2.046250000000E+07	-3.102705E+01	0.000000E+00
2.050000000000E+07	-1.797790E+01	0.000000E+00
2.053750000000E+07	-9.003277E+00	0.000000E+00
2.057500000000E+07	-6.601774E+00	0.000000E+00
2.061250000000E+07	-3.576093E+01	0.000000E+00
2.065000000000E+07	-4.111213E+01	0.000000E+00
2.068750000000E+07	3.368610E+01	0.000000E+00
2.072500000000E+07	3.730183E+01	0.000000E+00
2.076250000000E+07	-4.156404E+01	0.000000E+00
2.080000000000E+07	1.118945E+01	0.000000E+00
2.083750000000E+07	-1.141133E+02	0.000000E+00
2.087500000000E+07	-1.351133E+02	0.000000E+00
2.091250000000E+07	1.953999E+01	0.000000E+00
2.095000000000E+07	-9.235268E-01	0.000000E+00
2.098750000000E+07	-3.045803E+01	0.000000E+00
2.102500000000E+07	-2.614775E+01	0.000000E+00
2.106250000000E+07	1.322460E+01	0.000000E+00
2.110000000000E+07	2.331759E+01	0.000000E+00
2.113750000000E+07	-1.961595E+01	0.000000E+00
2.117500000000E+07	-8.199776E+00	0.000000E+00
2.121250000000E+07	-1.956044E+01	0.000000E+00
2.125000000000E+07	-6.080098E-01	0.000000E+00
2.128750000000E+07	-1.097776E+01	0.000000E+00
2.132500000000E+07	1.309122E+01	0.000000E+00
2.136250000000E+07	1.423089E+02	0.000000E+00
2.140000000000E+07	1.026450E+02	0.000000E+00
2.143750000000E+07	5.995377E+00	0.000000E+00
2.147500000000E+07	3.793880E+01	0.000000E+00
2.151250000000E+07	-2.822335E+01	0.000000E+00
2.155000000000E+07	-1.881321E+01	0.000000E+00
2.158750000000E+07	-5.043589E+00	0.000000E+00
2.162500000000E+07	3.202396E+01	0.000000E+00
2.166250000000E+07	2.169315E+01	0.000000E+00
2.170000000000E+07	2.535916E+01	0.000000E+00
2.173750000000E+07	1.320538E+01	0.000000E+00
2.177500000000E+07	1.597270E+01	0.000000E+00
2.181250000000E+07	7.818316E+00	0.000000E+00
2.185000000000E+07	1.322803E+01	0.000000E+00
2.188750000000E+07	1.412668E+01	0.000000E+00
2.192500000000E+07	9.548757E+00	0.000000E+00
2.196250000000E+07	1.173806E+01	0.000000E+00
2.200000000000E+07	1.784102E+01	0.000000E+00
2.203750000000E+07	8.578172E+00	0.000000E+00
2.207500000000E+07	-1.351135E+01	0.000000E+00
2.211250000000E+07	4.654060E+01	0.000000E+00
2.215000000000E+07	1.592215E+01	0.000000E+00
2.218750000000E+07	1.701442E+01	0.000000E+00
2.222500000000E+07	1.548734E+01	0.000000E+00
2.226250000000E+07	3.673386E+00	0.000000E+00
2.230000000000E+07	1.812177E+00	0.000000E+00
2.233750000000E+07	1.786429E+01	0.000000E+00
2.237500000000E+07	5.293957E+00	0.000000E+00
2.241250000000E+07	-2.823320E+00	0.000000E+00
2.245000000000E+07	9.329910E+00	0.000000E+00
2.248750000000E+07	-6.467379E+00	0.000000E+00
2.252500000000E+07	1.779296E+00	0.000000E+00
2.256250000000E+07	-6.671864E+00	0.000000E+00
2.260000000000E+07	8.145096E+00	0.000000E+00
2.263750000000E+07	-1.810471E+00	0.000000E+00
2.267500000000E+07	-2.070139E+01	0.000000E+00
2.271250000000E+07	1.415831E+01	0.000000E+00
2.275000000000E+07	4.436676E+00	0.000000E+00
2.278750000000E+07	4.998212E+00	0.000000E+00
2.282500000000E+07	-1.139206E+01	0.000000E+00
2.286250000000E+07	8.399783E-01	0.000000E+00
2.290000000000E+07	9.771574E-01	0.000000E+00
2.293750000000E+07	-1.311378E+01	0.000000E+00
2.297500000000E+07	-1.279731E+01	0.000000E+00
2.301250000000E+07	-6.513572E+00	0.000000E+00
2.305000000000E+07	-6.272002E+00	0.000000E+00
2.308750000000E+07	-1.986033E+01	0.000000E+00
2.312500000000E+07	-1.601393E+01	0.000000E+00
2.316250000000E+07	-9.461808E+00	0.000000E+00
2.320000000000E+07	-1.745445E+00	0.000000E+00
2.323750000000E+07	-3.332248E+01	0.000000E+00
2.327500000000E+07	-9.921928E+00	0.000000E+00
2.331250000000E+07	-1.850269E+01	0.000000E+00
2.335000000000E+07	-2.787473E+01	0.000000E+00
2.338750000000E+07	-1.506164E+01	0.000000E+00
2.342500000000E+07	-1.959230E+01	0.000000E+00
2.346250000000E+07	-3.259966E+01	0.000000E+00
2.350000000000E+07	-3.412996E+01	0.000000E+00
2.353750000000E+07	-2.516437E+01	0.000000E+00
2.357500000000E+07	-3.384943E+01	0.000000E+00
2.361250000000E+07	-3.847673E+01	0.000000E+00
2.365000000000E+07	-3.028644E+01	0.000000E+00
2.368750000000E+07	-3.386082E+01	0.000000E+00
2.372500000000E+07	-4.426805E+01	0.000000E+00
2.376250000000E+07	-4.899049E+01	0.000000E+00
2.380000000000E+07	-4.196433E+01	0.000000E+00
2.383750000000E+07	-4.922334E+01	0.000000E+00
2.387500000000E+07	-5.402606E+01	0.000000E+00
2.391250000000E+07	-4.366108E+01	0.000000E+00
2.395000000000E+07	-5.495015E+01	0.000000E+00
2.398750000000E+07	-5.935458E+01	0.000000E+00
2.402500000000E+07	-6.748302E+01	0.000000E+00
2.406250000000E+07	-5.746862E+01	0.000000E+00
2.410000000000E+07	-6.601929E+01	0.000000E+00
2.413750000000E+07	-6.073111E+01	0.000000E+00
2.417500000000E+07	-6.693622E+01	0.000000E+00
2.421250000000E+07	-6.219267E+01	0.000000E+00
2.425000000000E+07	-7.010242E+01	0.000000E+00
2.428750000000E+07	-7.902385E+01	0.000000E+00
2.432500000000E+07	-7.350287E+01	0.000000E+00
2.436250000000E+07	-7.584223E+01	0.000000E+00
2.440000000000E+07	-8.184367E+01	0.000000E+00
2.443750000000E+07	-8.053138E+01	0.000000E+00
2.447500000000E+07	-7.970100E+01	0.000000E+00
2.451250000000E+07	-8.435742E+01	0.000000E+00
2.455000000000E+07	-8.857448E+01	0.000000E+00
2.458750000000E+07	-8.227725E+01	0.000000E+00
2.462500000000E+07	-8.771302E+01	0.000000E+00
2.466250000000E+07	-9.229198E+01	0.000000E+00
2.470000000000E+07	-9.263627E+01	0.000000E+00
2.473750000000E+07	-8.968429E+01	0.000000E+00
2.477500000000E+07	-9.416571E+01	0.000000E+00
2.481250000000E+07	-9.924910E+01	0.000000E+00
2.485000000000E+07	-9.453858E+01	0.000000E+00
2.488750000000E+07	-9.786526E+01	0.000000E+00
2.492500000000E+07	-1.012969E+02	0.000000E+00
2.496250000000E+07	-1.049987E+02	0.000000E+00
2.500000000000E+07	-9.954409E+01	0.000000E+00
2.503750000000E+07	-1.014652E+02	0.000000E+00
2.507500000000E+07	-1.045568E+02	0.000000E+00
2.511250000000E+07	-9.748223E+01	0.000000E+00
2.515000000000E+07	-9.928360E+01	0.000000E+00
2.518750000000E+07	-1.035439E+02	0.000000E+00
2.522500000000E+07	-1.110694E+02	0.000000E+00
2.526250000000E+07	-1.027830E+02	0.000000E+00
2.530000000000E+07	-1.027035E+02	0.000000E+00
2.533750000000E+07	-1.082907E+02	0.000000E+00
2.537500000000E+07	-1.075116E+02	0.000000E+00
2.541250000000E+07	-1.016596E+02	0.000000E+00
2.545000000000E+07	-1.068741E+02	0.000000E+00
2.548750000000E+07	-1.121660E+02	0.000000E+00
2.552500000000E+07	-9.854128E+01	0.000000E+00
2.556250000000E+07	-1.036382E+02	0.000000E+00
2.560000000000E+07	-1.071960E+02	0.000000E+00
2.563750000000E+07	-9.632874E+01	0.000000E+00
2.567500000000E+07	-1.024346E+02	0.000000E+00
2.571250000000E+07	-1.080236E+02	0.000000E+00
2.575000000000E+07	-1.116093E+02	0.000000E+00
2.578750000000E+07	-1.026530E+02	0.000000E+00
2.582500000000E+07	-1.018606E+02	0.000000E+00
2.586250000000E+07	-1.065917E+02	0.000000E+00
2.590000000000E+07	-1.055957E+02	0.000000E+00
2.593750000000E+07	-1.013562E+02	0.000000E+00
2.597500000000E+07	-1.042696E+02	0.000000E+00
2.601250000000E+07	-1.045251E+02	0.000000E+00
2.605000000000E+07	-9.992106E+01	0.000000E+00
2.608750000000E+07	-9.942770E+01	0.000000E+00
2.612500000000E+07	-1.047536E+02	0.000000E+00
2.616250000000E+07	-1.064662E+02	0.000000E+00
2.620000000000E+07	-9.916329E+01	0.000000E+00
2.623750000000E+07	-1.049519E+02	0.000000E+00
2.627500000000E+07	-1.050254E+02	0.000000E+00
2.631250000000E+07	-1.036135E+02	0.000000E+00
2.635000000000E+07	-1.045375E+02	0.000000E+00
2.638750000000E+07	-1.043055E+02	0.000000E+00
2.642500000000E+07	-1.066327E+02	0.000000E+00
2.646250000000E+07	-1.043585E+02	0.000000E+00
2.650000000000E+07	-1.052159E+02	0.000000E+00
2.653750000000E+07	-1.091236E+02	0.000000E+00
2.657500000000E+07	-1.066713E+02	0.000000E+00
2.661250000000E+07	-1.059237E+02	0.000000E+00
2.665000000000E+07	-1.094431E+02	0.000000E+00
2.668750000000E+07	-1.132103E+02	0.000000E+00
2.672500000000E+07	-1.106796E+02	0.000000E+00
2.676250000000E+07	-1.122596E+02	0.000000E+00
2.680000000000E+07	-1.162085E+02	0.000000E+00
2.683750000000E+07	-1.148795E+02	0.000000E+00
2.687500000000E+07	-1.142560E+02	0.000000E+00
2.691250000000E+07	-1.147775E+02	0.000000E+00
2.695000000000E+07	-1.200615E+02	0.000000E+00
2.698750000000E+07	-1.174437E+02	0.000000E+00
2.702500000000E+07	-1.187673E+02	0.000000E+00
2.706250000000E+07	-1.212794E+02	0.000000E+00
2.710000000000E+07	-1.210967E+02	0.000000E+00
2.713750000000E+07	-1.203021E+02	0.000000E+00
2.717500000000E+07	-1.222230E+02	0.000000E+00
2.721250000000E+07	-1.254545E+02	0.000000E+00
2.725000000000E+07	-1.232849E+02	0.000000E+00
2.728750000000E+07	-1.243580E+02	0.000000E+00
2.732500000000E+07	-1.267995E+02	0.000000E+00
2.736250000000E+07	-1.274386E+02	0.000000E+00
2.740000000000E+07	-1.262653E+02	0.000000E+00
2.743750000000E+07	-1.314875E+02	0.000000E+00
2.747500000000E+07	-1.292948E+02	0.000000E+00
2.751250000000E+07	-1.280776E+02	0.000000E+00
2.755000000000E+07	-1.287345E+02	0.000000E+00
2.758750000000E+07	-1.311938E+02	0.000000E+00
2.762500000000E+07	-1.319843E+02	0.000000E+00
2.766250000000E+07	-1.323396E+02	0.000000E+00
2.770000000000E+07	-1.332602E+02	0.000000E+00
2.773750000000E+07	-1.349533E+02	0.000000E+00
2.777500000000E+07	-1.359552E+02	0.000000E+00
2.781250000000E+07	-1.355404E+02	0.000000E+00
2.785000000000E+07	-1.377686E+02	0.000000E+00
2.788750000000E+07	-1.381768E+02	0.000000E+00
2.792500000000E+07	-1.386213E+02	0.000000E+00
2.796250000000E+07	-1.398346E+02	0.000000E+00
2.800000000000E+07	-1.431328E+02	0.000000E+00
2.803750000000E+07	-1.418674E+02	0.000000E+00
2.807500000000E+07	-1.426331E+02	0.000000E+00
2.811250000000E+07	-1.406486E+02	0.000000E+00
2.815000000000E+07	-1.421773E+02	0.000000E+00
2.818750000000E+07	-1.448605E+02	0.000000E+00
2.822500000000E+07	-1.448264E+02	0.000000E+00
2.826250000000E+07	-1.444654E+02	0.000000E+00
2.830000000000E+07	-1.481926E+02	0.000000E+00
2.833750000000E+07	-1.497531E+02	0.000000E+00
2.837500000000E+07	-1.486243E+02	0.000000E+00
2.841250000000E+07	-1.462923E+02	0.000000E+00
2.845000000000E+07	-1.527951E+02	0.000000E+00
2.848750000000E+07	-1.523314E+02	0.000000E+00
2.852500000000E+07	-1.482404E+02	0.000000E+00
2.856250000000E+07	-1.519696E+02	0.000000E+00
2.860000000000E+07	-1.572493E+02	0.000000E+00
2.863750000000E+07	-1.528142E+02	0.000000E+00
2.867500000000E+07	-1.503764E+02	0.000000E+00
2.871250000000E+07	-1.592064E+02	0.000000E+00
2.875000000000E+07	-1.594296E+02	0.000000E+00
2.878750000000E+07	-1.502334E+02	0.000000E+00
2.882500000000E+07	-1.515942E+02	0.000000E+00
2.886250000000E+07	-1.636556E+02	0.000000E+00
2.890000000000E+07	-1.623091E+02	0.000000E+00
2.893750000000E+07	-1.517758E+02	0.000000E+00
2.897500000000E+07	-1.675673E+02	0.000000E+00
2.901250000000E+07	-1.693912E+02	0.000000E+00
2.905000000000E+07	-1.615141E+02	0.000000E+00
2.908750000000E+07	-1.608909E+02	0.000000E+00
2.912500000000E+07	-1.750361E+02	0.000000E+00
2.916250000000E+07	-1.748299E+02	0.000000E+00
2.920000000000E+07	-1.667167E+02	0.000000E+00
2.923750000000E+07	1.791820E+02	0.000000E+00
2.927500000000E+07	1.778582E+02	0.000000E+00
2.931250000000E+07	-1.798510E+02	0.000000E+00
2.935000000000E+07	-1.763577E+02	0.000000E+00
2.938750000000E+07	1.727024E+02	0.000000E+00
2.942500000000E+07	1.730362E+02	0.000000E+00
2.946250000000E+07	1.783460E+02	0.000000E+00
2.950000000000E+07	1.704581E+02	0.000000E+00
2.953750000000E+07	1.672872E+02	0.000000E+00
2.957500000000E+07	1.682952E+02	0.000000E+00
2.961250000000E+07	1.713879E+02	0.000000E+00
2.965000000000E+07	1.636185E+02	0.000000E+00
2.968750000000E+07	1.633232E+02	0.000000E+00
2.972500000000E+07	1.662866E+02	0.000000E+00
2.976250000000E+07	1.633257E+02	0.000000E+00
2.980000000000E+07	1.585021E+02	0.000000E+00
2.983750000000E+07	1.593385E+02	0.000000E+00
2.987500000000E+07	1.602708E+02	0.000000E+00
2.991250000000E+07	1.560406E+02	0.000000E+00
2.995000000000E+07	1.545120E+02	0.000000E+00
2.998750000000E+07	1.547182E+02	0.000000E+00
3.002500000000E+07	1.523603E+02	0.000000E+00
3.006250000000E+07	1.498221E+02	0.000000E+00
3.010000000000E+07	1.492630E+02	0.000000E+00
3.013750000000E+07	1.474360E+02	0.000000E+00
3.017500000000E+07	1.453982E+02	0.000000E+00
3.021250000000E+07	1.431072E+02	0.000000E+00
3.025000000000E+07	1.410707E+02	0.000000E+00
3.028750000000E+07	1.390428E+02	0.000000E+00
3.032500000000E+07	1.372982E+02	0.000000E+00
3.036250000000E+07	1.357180E+02	0.000000E+00
3.040000000000E+07	1.319662E+02	0.000000E+00
3.043750000000E+07	1.316860E+02	0.000000E+00
3.047500000000E+07	1.290342E+02	0.000000E+00
3.051250000000E+07	1.256470E+02	0.000000E+00
3.055000000000E+07	1.227231E+02	0.000000E+00
3.058750000000E+07	1.218412E+02	0.000000E+00
3.062500000000E+07	1.196246E+02	0.000000E+00
3.066250000000E+07	1.154007E+02	0.000000E+00
3.070000000000E+07	1.154174E+02	0.000000E+00
3.073750000000E+07	1.122020E+02	0.000000E+00
3.077500000000E+07	1.095524E+02	0.000000E+00
3.081250000000E+07	1.066745E+02	0.000000E+00
3.085000000000E+07	1.056704E+02	0.000000E+00
3.088750000000E+07	1.034127E+02	0.000000E+00
3.092500000000E+07	9.921143E+01	0.000000E+00
3.096250000000E+07	9.916226E+01	0.000000E+00
3.100000000000E+07	9.644149E+01	0.000000E+00
3.103750000000E+07	9.471284E+01	0.000000E+00
3.107500000000E+07	9.326238E+01	0.000000E+00
3.111250000000E+07	9.092785E+01	0.000000E+00
3.115000000000E+07	8.919312E+01	0.000000E+00
3.118750000000E+07	8.580912E+01	0.000000E+00
3.122500000000E+07	8.512192E+01	0.000000E+00
3.126250000000E+07	8.325572E+01	0.000000E+00
3.130000000000E+07	8.144680E+01	0.000000E+00
3.133750000000E+07	7.883028E+01	0.000000E+00
3.137500000000E+07	7.828696E+01	0.000000E+00
3.141250000000E+07	7.660599E+01	0.000000E+00
3.145000000000E+07	7.384000E+01	0.000000E+00
3.148750000000E+07	7.276644E+01	0.000000E+00
3.152500000000E+07	7.245852E+01	0.000000E+00
3.156250000000E+07	7.018446E+01	0.000000E+00
3.160000000000E+07	6.831255E+01	0.000000E+00
3.163750000000E+07	6.764818E+01	0.000000E+00
3.167500000000E+07	6.663375E+01	0.000000E+00
3.171250000000E+07	6.449354E+01	0.000000E+00
3.175000000000E+07	6.327016E+01	0.000000E+00
3.178750000000E+07	6.340628E+01	0.000000E+00
3.182500000000E+07	6.188148E+01	0.000000E+00
3.186250000000E+07	6.033537E+01	0.000000E+00
3.190000000000E+07	5.979318E+01	0.000000E+00
3.193750000000E+07	5.903811E+01	0.000000E+00
3.197500000000E+07	5.726987E+01	0.000000E+00
3.201250000000E+07	5.621691E+01	0.000000E+00
3.205000000000E+07	5.616879E+01	0.000000E+00
3.208750000000E+07	5.523912E+01	0.000000E+00
3.212500000000E+07	5.341185E+01	0.000000E+00
3.216250000000E+07	5.349690E+01	0.000000E+00
3.220000000000E+07	5.249233E+01	0.000000E+00
3.223750000000E+07	5.112346E+01	0.000000E+00
3.227500000000E+07	5.018063E+01	0.000000E+00
3.231250000000E+07	5.049995E+01	0.000000E+00
3.235000000000E+07	4.921642E+01	0.000000E+00
3.238750000000E+07	4.801078E+01	0.000000E+00
3.242500000000E+07	4.776135E+01	0.000000E+00
3.246250000000E+07	4.666633E+01	0.000000E+00
3.250000000000E+07	4.501286E+01	0.000000E+00
3.253750000000E+07	4.362708E+01	0.000000E+00
3.257500000000E+07	4.334898E+01	0.000000E+00
3.261250000000E+07	4.271663E+01	0.000000E+00
3.265000000000E+07	4.130469E+01	0.000000E+00
3.268750000000E+07	4.061534E+01	0.000000E+00
3.272500000000E+07	3.940422E+01	0.000000E+00
3.276250000000E+07	3.811075E+01	0.000000E+00
3.280000000000E+07	3.552797E+01	0.000000E+00
3.283750000000E+07	3.665789E+01	0.000000E+00
3.287500000000E+07	3.578080E+01	0.000000E+00
3.291250000000E+07	3.233318E+01	0.000000E+00
3.295000000000E+07	3.372425E+01	0.000000E+00
3.298750000000E+07	3.329512E+01	0.000000E+00
3.302500000000E+07	3.258694E+01	0.000000E+00
3.306250000000E+07	3.046572E+01	0.000000E+00
3.310000000000E+07	2.984492E+01	0.000000E+00
3.313750000000E+07	2.974531E+01	0.000000E+00
3.317500000000E+07	2.815096E+01	0.000000E+00
3.321250000000E+07	2.671945E+01	0.000000E+00
3.325000000000E+07	2.691545E+01	0.000000E+00
3.328750000000E+07	2.552814E+01	0.000000E+00
3.332500000000E+07	2.364792E+01	0.000000E+00
3.336250000000E+07	2.344459E+01	0.000000E+00
3.340000000000E+07	2.175122E+01	0.000000E+00
3.343750000000E+07	2.024709E+01	0.000000E+00
3.347500000000E+07	2.108892E+01	0.000000E+00
3.351250000000E+07	2.155521E+01	0.000000E+00
3.355000000000E+07	2.034812E+01	0.000000E+00
3.358750000000E+07	1.769334E+01	0.000000E+00
3.362500000000E+07	1.801050E+01	0.000000E+00
3.366250000000E+07	1.790536E+01	0.000000E+00
3.370000000000E+07	1.601740E+01	0.000000E+00
3.373750000000E+07	1.489074E+01	0.000000E+00
3.377500000000E+07	1.570684E+01	0.000000E+00
3.381250000000E+07	1.530912E+01	0.000000E+00
3.385000000000E+07	1.267956E+01	0.000000E+00
3.388750000000E+07	1.227260E+01	0.000000E+00
3.392500000000E+07	1.331568E+01	0.000000E+00
3.396250000000E+07	1.094403E+01	0.000000E+00
3.400000000000E+07	1.083480E+01	0.000000E+00
3.403750000000E+07	1.117548E+01	0.000000E+00
3.407500000000E+07	1.077783E+01	0.000000E+00
3.411250000000E+07	8.270464E+00	0.000000E+00
3.415000000000E+07	7.538250E+00	0.000000E+00
3.418750000000E+07	9.657094E+00	0.000000E+00
3.422500000000E+07	7.113972E+00	0.000000E+00
3.426250000000E+07	7.025131E+00	0.000000E+00
3.430000000000E+07	7.120511E+00	0.000000E+00
3.433750000000E+07	7.569472E+00	0.000000E+00
3.437500000000E+07	5.067485E+00	0.000000E+00
3.441250000000E+07	4.487430E+00	0.000000E+00
3.445000000000E+07	5.830323E+00	0.000000E+00
3.448750000000E+07	3.703030E+00	0.000000E+00
3.452500000000E+07	3.892286E+00	0.000000E+00
3.456250000000E+07	2.881640E+00	0.000000E+00
3.460000000000E+07	4.111042E+00	0.000000E+00
3.463750000000E+07	2.250890E+00	0.000000E+00
3.467500000000E+07	2.710169E+00	0.000000E+00
3.471250000000E+07	2.704793E+00	0.000000E+00
3.475000000000E+07	5.156365E-01	0.000000E+00
3.478750000000E+07	3.296011E+00	0.000000E+00
3.482500000000E+07	-6.206239E-01	0.000000E+00
3.486250000000E+07	7.103914E-01	0.000000E+00
3.490000000000E+07	1.003976E+00	0.000000E+00
3.493750000000E+07	1.460986E+00	0.000000E+00
3.497500000000E+07	-1.115140E+00	0.000000E+00
3.501250000000E+07	-2.276415E+00	0.000000E+00
3.505000000000E+07	2.060126E+00	0.000000E+00
3.508750000000E+07	-3.466413E+00	0.000000E+00
3.512500000000E+07	-2.351621E+00	0.000000E+00
3.516250000000E+07	-1.667093E+00	0.000000E+00
3.520000000000E+07	1.900097E+00	0.000000E+00
3.523750000000E+07	-4.050884E+00	0.000000E+00
3.527500000000E+07	1.244530E+00	0.000000E+00
3.531250000000E+07	6.950547E+00	0.000000E+00
3.535000000000E+07	-3.298253E+00	0.000000E+00
3.538750000000E+07	-5.028965E+00	0.000000E+00
3.542500000000E+07	-4.722925E+00	0.000000E+00
3.546250000000E+07	4.725245E+00	0.000000E+00
3.550000000000E+07	-6.070798E+00	0.000000E+00
3.553750000000E+07	-6.544320E+00	0.000000E+00
3.557500000000E+07	5.716056E+00	0.000000E+00
3.561250000000E+07	-2.370071E-01	0.000000E+00
3.565000000000E+07	-8.068278E+00	0.000000E+00
3.568750000000E+07	-5.465137E+00	0.000000E+00
3.572500000000E+07	9.076143E+00	0.000000E+00
3.576250000000E+07	-8.047691E+00	0.000000E+00
3.580000000000E+07	-8.661132E+00	0.000000E+00
3.583750000000E+07	8.858384E+00	0.000000E+00
3.587500000000E+07	9.616750E+00	0.000000E+00
3.591250000000E+07	-8.387201E+00	0.000000E+00
3.595000000000E+07	-5.010642E+00	0.000000E+00
3.598750000000E+07	1.600694E+01	0.000000E+00
3.602500000000E+07	-5.785830E+00	0.000000E+00
3.606250000000E+07	-7.413786E+00	0.000000E+00
3.610000000000E+07	1.633240E+01	0.000000E+00
3.613750000000E+07	1.598075E+01	0.000000E+00
3.617500000000E+07	-7.191079E+00	0.000000E+00
3.621250000000E+07	-2.637054E+00	0.000000E+00
3.625000000000E+07	2.095581E+01	0.000000E+00
3.628750000000E+07	9.078450E-01	0.000000E+00
3.632500000000E+07	-5.634061E+00	0.000000E+00
3.636250000000E+07	1.955140E+01	0.000000E+00
3.640000000000E+07	2.040624E+01	0.000000E+00
3.643750000000E+07	-1.788386E+00	0.000000E+00
3.647500000000E+07	4.389842E+00	0.000000E+00
3.651250000000E+07	2.420910E+01	0.000000E+00
3.655000000000E+07	1.507688E+01	0.000000E+00
3.658750000000E+07	1.244333E+00	0.000000E+00
3.662500000000E+07	2.313668E+01	0.000000E+00
3.666250000000E+07	2.304225E+01	0.000000E+00
3.670000000000E+07	1.023557E+01	0.000000E+00
3.673750000000E+07	1.361463E+01	0.000000E+00
3.677500000000E+07	2.607913E+01	0.000000E+00
3.681250000000E+07	2.796106E+01	0.000000E+00
3.685000000000E+07	1.224441E+01	0.000000E+00
3.688750000000E+07	2.870304E+01	0.000000E+00
3.692500000000E+07	2.235499E+01	0.000000E+00
3.696250000000E+07	2.226506E+01	0.000000E+00
3.700000000000E+07	2.309158E+01	0.000000E+00
3.703750000000E+07	2.674763E+01	0.000000E+00
3.707500000000E+07	2.961898E+01	0.000000E+00
3.711250000000E+07	2.472696E+01	0.000000E+00
3.715000000000E+07	3.239396E+01	0.000000E+00
3.718750000000E+07	1.932698E+01	0.000000E+00
3.722500000000E+07	3.200222E+01	0.000000E+00
3.726250000000E+07	3.035830E+01	0.000000E+00
3.730000000000E+07	1.945957E+01	0.000000E+00
3.733750000000E+07	2.116955E+01	0.000000E+00
3.737500000000E+07	3.125632E+01	0.000000E+00
3.741250000000E+07	3.190646E+01	0.000000E+00
3.745000000000E+07	1.331414E+01	0.000000E+00
3.748750000000E+07	3.209930E+01	0.000000E+00
3.752500000000E+07	3.191049E+01	0.000000E+00
3.756250000000E+07	1.248999E+01	0.000000E+00
3.760000000000E+07	1.179044E+01	0.000000E+00
3.763750000000E+07	3.146199E+01	0.000000E+00
3.767500000000E+07	2.794216E+01	0.000000E+00
3.771250000000E+07	9.857860E+00	0.000000E+00
3.775000000000E+07	2.575168E+01	0.000000E+00
3.778750000000E+07	2.993878E+01	0.000000E+00
3.782500000000E+07	6.043867E+00	0.000000E+00
3.786250000000E+07	4.020137E+00	0.000000E+00
3.790000000000E+07	2.674733E+01	0.000000E+00
3.793750000000E+07	2.175410E+01	0.000000E+00
3.797500000000E+07	-8.771606E-01	0.000000E+00
3.801250000000E+07	1.437386E+01	0.000000E+00
3.805000000000E+07	2.267067E+01	0.000000E+00
3.808750000000E+07	1.493146E+00	0.000000E+00
3.812500000000E+07	-4.919196E+00	0.000000E+00
3.816250000000E+07	1.501053E+01	0.000000E+00
3.820000000000E+07	1.244921E+01	0.000000E+00
3.823750000000E+07	-8.135690E+00	0.000000E+00
3.827500000000E+07	1.016009E+00	0.000000E+00
3.831250000000E+07	1.301515E+01	0.000000E+00
3.835000000000E+07	-2.434792E+00	0.000000E+00
3.838750000000E+07	-1.328416E+01	0.000000E+00
3.842500000000E+07	4.919583E+00	0.000000E+00
3.846250000000E+07	2.592368E+00	0.000000E+00
3.850000000000E+07	-1.687675E+01	0.000000E+00
3.853750000000E+07	-1.215761E+01	0.000000E+00
3.857500000000E+07	9.317233E-01	0.000000E+00
3.861250000000E+07	-1.011354E+01	0.000000E+00
3.865000000000E+07	-2.187874E+01	0.000000E+00
3.868750000000E+07	-7.997166E+00	0.000000E+00
3.872500000000E+07	-8.476377E+00	0.000000E+00
3.876250000000E+07	-2.380165E+01	0.000000E+00
3.880000000000E+07	-2.300246E+01	0.000000E+00
3.883750000000E+07	-1.155520E+01	0.000000E+00
3.887500000000E+07	-1.886751E+01	0.000000E+00
3.891250000000E+07	-2.909262E+01	0.000000E+00
3.895000000000E+07	-2.025089E+01	0.000000E+00
3.898750000000E+07	-1.898281E+01	0.000000E+00
3.902500000000E+07	-3.042401E+01	0.000000E+00
3.906250000000E+07	-3.091475E+01	0.000000E+00
3.910000000000E+07	-2.323618E+01	0.000000E+00
3.913750000000E+07	-2.808708E+01	0.000000E+00
3.917500000000E+07	-3.555216E+01	0.000000E+00
3.921250000000E+07	-3.113099E+01	0.000000E+00
3.925000000000E+07	-2.923921E+01	0.000000E+00
3.928750000000E+07	-3.667424E+01	0.000000E+00
3.932500000000E+07	-3.789485E+01	0.000000E+00
3.936250000000E+07	-3.350053E+01	0.000000E+00
3.940000000000E+07	-3.729942E+01	0.000000E+00
3.943750000000E+07	-4.109825E+01	0.000000E+00
3.947500000000E+07	-4.010462E+01	0.000000E+00
3.951250000000E+07	-3.886946E+01	0.000000E+00
3.955000000000E+07	-4.278492E+01	0.000000E+00
3.958750000000E+07	-4.378987E+01	0.000000E+00
3.962500000000E+07	-4.368483E+01	0.000000E+00
3.966250000000E+07	-4.548262E+01	0.000000E+00
3.970000000000E+07	-4.772810E+01	0.000000E+00
3.973750000000E+07	-4.871348E+01	0.000000E+00
3.977500000000E+07	-4.833591E+01	0.000000E+00
3.981250000000E+07	-5.086158E+01	0.000000E+00
3.985000000000E+07	-5.046436E+01	0.000000E+00
3.988750000000E+07	-5.259782E+01	0.000000E+00
3.992500000000E+07	-5.382044E+01	0.000000E+00
3.996250000000E+07	-5.411469E+01	0.000000E+00
4.000000000000E+07	-5.578221E+01	0.000000E+00
